# CHROMAT_FILE: A02_LUK13_FK_UKB_LUK13_F_002.scf.scf
# SOFTWARE_VERSION: TT_3.0.4beta
# NUM_ABC: 409
# NUM_SUBSTITUTIONS: 409
# NUM_DELETIONS: 0
# base2   qv2       pos2       ind2
   M      12           6         0
   C      15           7         0
   Y      10          12         1
   T      12          11         1
   M      14          23         2
   A      11          23         2
   R       4          41         4
   A       7          41         4
   R       4          70         7
   A       7          69         7
   Y       8          75         8
   C       7          74         8
   W       8          86         9
   A      11          87         9
   Y      11          94        10
   T      11          94        10
   M      14         105        11
   S      12         107        11
   Y      14         106        11
   A      11         105        11
   G       9         108        11
   T      11         106        11
   Y      10         115        12
   T      12         115        12
   S       9         127        13
   C       7         131        13
   G       7         129        13
   R       7         142        14
   A       7         138        14
   T       7         147        15
   G       7         150        15
   M       6         171        17
   A       9         170        17
   G      11         188        19
   A       9         187        19
   R      12         199        20
   G       9         202        20
   S      10         209        21
   G       9         209        21
   R       7         284        28
   A       9         283        28
   W       6         296        29
   T       7         293        29
   R      10         335        32
   A       9         334        32
   K      13         371        35
   G       9         372        35
   S      13         382        36
   C      11         383        36
   M      13         397        37
   C      11         396        37
   R      22         550        50
   A      11         548        50
   K      31         623        56
   G      11         622        56
   W      15         680        61
   A      11         679        61
   R      20         692        62
   A      11         690        62
   M      31         731        65
   A      11         731        65
   K      10         857        76
   C      12         860        76
   G      11         856        76
   T      28         859        76
   S      27         870        77
   K      14         874        77
   C       9         869        77
   T       9         876        77
   K      16         896        79
   G       9         898        79
   Y      33         918        81
   T      11         918        81
   S      23         959        85
   C      11         958        85
   R      30        1351       118
   A       9        1350       118
   S      25        1445       126
   C      11        1445       126
   Y      15        2103       181
   T      12        2104       181
   K      15        2115       182
   T      13        2115       182
   T      13        2165       186
   G      18        2165       186
   T      14        2177       187
   C      14        2176       187
   A      12        2198       189
   C      14        2200       189
   R      13        2210       190
   G       9        2210       190
   R      17        2222       191
   G       9        2222       191
   R      26        2234       192
   G       9        2233       192
   G      13        2283       196
   C      18        2282       196
   T      12        2307       198
   C      18        2306       198
   T      13        2319       199
   C      18        2318       199
   S      32        2329       200
   G       9        2329       200
   G      14        2367       203
   C      14        2368       203
   A      12        2379       204
   C      18        2379       204
   A      12        2392       205
   C      14        2390       205
   A       9        2412       207
   C      18        2413       207
   R      31        2424       208
   G       9        2424       208
   G       9        2460       211
   A      20        2463       211
   R      31        2486       213
   G       9        2486       213
   C      28        2497       214
   G       9        2498       214
   A       9        2520       216
   C      18        2520       216
   G      12        2531       217
   A      24        2531       217
   G       9        2556       219
   A      13        2558       219
   R      17        2569       220
   G       9        2568       220
   S      27        2580       221
   G       9        2580       221
   A       9        2591       222
   C      18        2592       222
   A      12        2603       223
   C      14        2602       223
   A       9        2625       225
   C      18        2626       225
   R      13        2637       226
   G       9        2637       226
   S      11        2650       227
   G       9        2650       227
   M      19        2662       228
   A       9        2662       228
   T      28        2684       230
   A      12        2685       230
   A      14        2696       231
   T      14        2696       231
   A      14        2708       232
   C      14        2706       232
   A      12        2730       234
   C      18        2731       234
   R      20        2741       235
   G       9        2742       235
   A      13        2769       237
   G      13        2767       237
   R      17        2779       238
   G       9        2779       238
   S      29        2791       239
   G       9        2791       239
   A      12        2803       240
   C      18        2803       240
   A      13        2815       241
   C      18        2814       241
   Y      11        2850       244
   T      13        2851       244
   K      11        2862       245
   T      14        2862       245
   G      14        2875       246
   T      13        2876       246
   G      14        2887       247
   T      14        2887       247
   R      19        2924       250
   G       9        2924       250
   R      20        2936       251
   G       9        2936       251
   G      14        2959       253
   C      12        2959       253
   A      12        2971       254
   C      14        2971       254
   R      17        2982       255
   G       9        2983       255
   R      17        2994       256
   G       9        2994       256
   C       9        3005       257
   A      14        3007       257
   A       9        3017       258
   C      18        3017       258
   G      12        3029       259
   A      18        3028       259
   G       9        3041       260
   C      18        3041       260
   A       9        3064       262
   C      14        3065       262
   G      12        3076       263
   A      31        3076       263
   G       9        3112       266
   C      14        3114       266
   S      25        3126       267
   G      12        3126       267
   T      28        3138       268
   G      12        3138       268
   G      14        3150       269
   T      14        3150       269
   A      14        3163       270
   G      14        3161       270
   A      28        3174       271
   G       9        3174       271
   C      31        3185       272
   G       9        3186       272
   T      12        3210       274
   C      14        3210       274
   A      14        3222       275
   T      18        3222       275
   R      21        3233       276
   G       9        3233       276
   G       9        3258       278
   A      18        3259       278
   R      13        3270       279
   G       9        3270       279
   S      31        3281       280
   G       9        3281       280
   A       9        3293       281
   C      14        3294       281
   R      13        3305       282
   G       9        3305       282
   R      11        3317       283
   G       9        3317       283
   R      31        3329       284
   G       9        3329       284
   G      13        3365       287
   A      18        3366       287
   G       9        3400       290
   A      28        3401       290
   G      13        3449       294
   C      14        3448       294
   A      12        3460       295
   C      18        3460       295
   R      33        3472       296
   G       9        3472       296
   C       9        3496       298
   G      14        3496       298
   A       9        3508       299
   C      13        3508       299
   R      16        3520       300
   G       9        3520       300
   G      13        3544       302
   C       9        3544       302
   T       9        3557       303
   C      14        3557       303
   G      12        3569       304
   T      14        3569       304
   G      12        3581       305
   C      14        3581       305
   A       9        3592       306
   C      18        3593       306
   R      17        3604       307
   G       9        3604       307
   C       9        3629       309
   G      14        3629       309
   C      31        3640       310
   G       9        3640       310
   C      14        3666       312
   G      14        3666       312
   A      12        3678       313
   C      18        3678       313
   R      21        3689       314
   G       9        3689       314
   G      13        3713       316
   A      13        3715       316
   R      23        3726       317
   G       9        3725       317
   K      27        3737       318
   G       9        3737       318
   G      13        3749       319
   T      18        3750       319
   R      24        3786       322
   G       9        3786       322
   C      12        3797       323
   A      14        3799       323
   C      14        3809       324
   T      13        3810       324
   T      14        3822       325
   G      12        3822       325
   A      14        3835       326
   G      12        3834       326
   R      27        3859       328
   G       9        3859       328
   S      16        3870       329
   G       9        3871       329
   Y      17        3894       331
   T      12        3895       331
   K      17        3907       332
   T      12        3907       332
   G      12        3931       334
   C      14        3932       334
   A      12        3943       335
   C      18        3944       335
   R      31        3954       336
   G       9        3953       336
   G      14        3979       338
   A       9        3980       338
   T       9        3990       339
   A      14        3992       339
   T      14        4003       340
   A      14        4002       340
   A      14        4014       341
   C      14        4013       341
   T      13        4025       342
   C      14        4025       342
   A      12        4050       344
   T      18        4050       344
   A      14        4062       345
   C      18        4061       345
   M      24        4073       346
   A       9        4073       346
   T      28        4084       347
   A       9        4084       347
   G      12        4109       349
   T      14        4109       349
   S      24        4135       351
   G      12        4135       351
   C      28        4146       352
   A      12        4146       352
   A      12        4158       353
   C      18        4157       353
   T      12        4182       355
   C      14        4182       355
   A      12        4219       358
   T      18        4220       358
   R      17        4230       359
   G       9        4230       359
   S      31        4243       360
   G       9        4243       360
   A      12        4255       361
   C      18        4255       361
   A      12        4267       362
   C      14        4266       362
   A       9        4288       364
   C      18        4290       364
   M       8        4301       365
   R      16        4301       365
   C       9        4300       365
   G       9        4300       365
   S      11        4326       367
   C       9        4327       367
   Y      11        4339       368
   C      13        4339       368
   G      13        4351       369
   T      14        4352       369
   K      11        4363       370
   T      13        4364       370
   Y      11        4376       371
   T      14        4376       371
   M      11        4399       373
   A      12        4399       373
   T      14        4411       374
   A      12        4411       374
   T      12        4423       375
   C      14        4423       375
   A       9        4435       376
   C      18        4435       376
   R      12        4447       377
   G       9        4448       377
   S       7        4459       378
   G       9        4459       378
   M      19        4471       379
   A       9        4471       379
   M      19        4482       380
   A      12        4483       380
   A      12        4506       382
   C      14        4507       382
   R      20        4518       383
   G       9        4518       383
   G      12        4555       386
   T      14        4557       386
   T      14        4594       389
   C      14        4593       389
   T      14        4630       392
   C      14        4629       392
   T      14        4642       393
   G      14        4641       393
   T      12        4655       394
   G      14        4653       394
   T      14        4667       395
   G      14        4666       395
   C      18        4691       397
   G      13        4691       397
   A      12        4703       398
   C      14        4704       398
   C      14        4714       399
   A      13        4715       399
   C      18        4725       400
   A      12        4725       400
   R      17        4737       401
   G       9        4737       401
   R      13        4749       402
   G       9        4749       402
   R      26        4760       403
   G       9        4760       403
   R      27        4773       404
   G       9        4772       404
   G      13        4812       407
   A      18        4812       407
   G       9        4837       409
   A      14        4836       409
   R      17        4849       410
   G       9        4849       410
   K      27        4861       411
   G       9        4861       411
   T       9        4873       412
   A      12        4873       412
