# CHROMAT_FILE: A04_FUK24_LR_UKB_FUK24_R_002.scf
# SOFTWARE_VERSION: TT_3.0.4beta
# NUM_ABC: 94
# NUM_SUBSTITUTIONS: 94
# NUM_DELETIONS: 0
# base2   qv2       pos2       ind2
   R       8           3         0
   W       9           1         0
   G      11           5         0
   T       7           2         0
   K       4          11         1
   T       7          11         1
   R       4          22         3
   A       7          23         3
   R       4          34         4
   G       7          34         4
   R       7          43         5
   A       9          44         5
   R       4          51         6
   G       7          52         6
   W       4          68         8
   T       7          67         8
   S       4          73         9
   Y       4          73         9
   G       7          74         9
   T       7          75         9
   K       4          83        11
   T       7          85        11
   W       7         103        14
   A       9         102        14
   R       9         112        15
   S       9         113        15
   K       9         113        15
   C      11         113        15
   T      11         113        15
   G      11         114        15
   R       4         149        20
   K       4         149        20
   A       7         150        20
   T       7         150        20
   S       4         170        23
   C       7         169        23
   R       7         193        26
   G       9         193        26
   R       8         202        27
   G       7         202        27
   W       8         208        28
   A       7         211        28
   S       6         215        29
   C       7         216        29
   M      13         235        31
   C      11         234        31
   A       9         247        32
   T       9         248        32
   W       6         279        35
   A       9         282        35
   W       9         324        40
   A       7         325        40
   W      11         358        44
   A      11         359        44
   W      19         369        45
   A       9         367        45
   R      22        1080       106
   K      17        1082       106
   A      11        1078       106
   T      14        1082       106
   R      18        1155       112
   G      11        1157       112
   W      13        1359       130
   T       9        1359       130
   S      16        1372       131
   K      20        1376       131
   C      11        1370       131
   T       9        1369       131
   W      13        1508       142
   A       9        1509       142
   M       6        1541       145
   S       8        1543       145
   A       9        1539       145
   C       9        1544       145
   Y      27        1613       151
   C       9        1613       151
   Y      21        1624       152
   C       9        1622       152
   S      17        1826       169
   C      14        1826       169
   R      29        1852       171
   G      11        1853       171
   K      17        1982       182
   G       9        1984       182
   R      31        2301       209
   A      14        2300       209
   K      31        2335       212
   G      11        2335       212
   G      12        2838       254
   A      14        2838       254
   M      10        5637       488
   R      10        5638       488
   C       9        5636       488
   G       9        5639       488
