# CHROMAT_FILE: B03_CZ1_DH_UKB2_CZ1_F_003.scf
# SOFTWARE_VERSION: TT_3.0.4beta
# NUM_ABC: 491
# NUM_SUBSTITUTIONS: 491
# NUM_DELETIONS: 0
# base2   qv2       pos2       ind2
   Y      14           4         0
   T       9           2         0
   S       6          13         1
   A       9          14         1
   G       9          12         1
   C       9          14         1
   K      10          21         2
   G       7          24         2
   W      10          29         3
   A       7          30         3
   M       9          41         5
   C       7          40         5
   Y      10          47         6
   C       7          49         6
   W       4          54         7
   A       7          54         7
   S       6          63         8
   Y       6          62         8
   G       9          63         8
   T       9          61         8
   M       6          71         9
   W       5          73         9
   C       9          72         9
   T       7          75         9
   S       6          83        11
   C       9          83        11
   M       6          98        12
   W       6          94        12
   C       9         100        12
   T       9          92        12
   R       8         107        13
   G       9         107        13
   M      13         114        14
   R       8         115        14
   W       8         113        14
   C      10         115        14
   G       9         118        14
   T       9         113        14
   W       6         123        15
   T       7         124        15
   R      12         129        16
   S       7         127        16
   A      12         131        16
   C       9         127        16
   R       9         144        18
   K       6         145        18
   A       7         143        18
   T       7         145        18
   M      11         156        20
   W       9         155        20
   C       9         158        20
   T       7         156        20
   M       4         164        21
   S       4         164        21
   A       7         163        21
   G       7         162        21
   W       6         174        22
   T       7         177        22
   M       6         181        23
   S       6         180        23
   A       9         180        23
   G       9         179        23
   R       9         188        24
   A       9         187        24
   M       6         198        25
   Y       6         199        25
   A       9         197        25
   T       9         199        25
   R       6         215        27
   S       9         218        27
   K       6         215        27
   A       9         214        27
   C       7         220        27
   T       9         214        27
   W      10         223        28
   T      11         224        28
   M      14         241        30
   W      14         241        30
   C      11         242        30
   T      11         242        30
   A       9         251        31
   G      13         249        31
   C       9         271        33
   M      10         273        33
   W       6         280        34
   K       6         279        34
   A       9         282        34
   T       9         278        34
   R       9         290        35
   W       7         291        35
   T       9         291        35
   A       9         291        35
   A       9         316        38
   C      13         316        38
   M      21         327        39
   S      11         327        39
   Y      12         329        39
   A       9         326        39
   G       9         326        39
   T       9         329        39
   G       9         336        40
   A      21         339        40
   K      10         350        41
   T       7         353        41
   A       7         356        42
   G      11         359        42
   W      14         368        43
   T       9         366        43
   G       9         389        45
   A       9         386        45
   M       6         398        46
   W      13         395        46
   C       7         400        46
   T      11         395        46
   R       7         403        47
   K       7         403        47
   A       9         403        47
   T       9         404        47
   M      13         411        48
   S      13         413        48
   A       9         410        48
   G       9         415        48
   M      11         421        49
   R      11         425        49
   C       9         419        49
   G       9         427        49
   M      12         431        50
   C       9         431        50
   S      12         437        51
   Y       8         437        51
   G       9         437        51
   T       9         437        51
   M      16         450        52
   S       8         449        52
   A       9         450        52
   G       9         448        52
   M      11         462        53
   Y      10         464        53
   A       9         462        53
   T       9         466        53
   W      11         475        54
   A       9         470        54
   W      11         488        55
   A       9         491        55
   W       6         499        56
   K       6         497        56
   A       9         500        56
   G       9         497        56
   R       9         511        57
   A      11         507        57
   R      11         532        59
   A       9         531        59
   R      11         545        60
   S      11         547        60
   A       9         543        60
   C       9         547        60
   R       8         570        62
   S       8         573        62
   A       9         568        62
   C       9         573        62
   R      21         584        63
   A       9         583        63
   M      16         595        64
   Y       8         594        64
   A       9         597        64
   T       9         595        64
   C      21         639        68
   Y       8         641        68
   A       9         637        68
   T       9         641        68
   W      17         650        69
   T       9         650        69
   K       9         668        71
   A       9         668        71
   T      11         668        71
   G      14         669        71
   R       6         705        74
   K       5         709        74
   A       9         703        74
   T       9         702        74
   R       6         721        75
   S       8         716        75
   K       7         720        75
   A       9         724        75
   C       9         725        75
   T       9         723        75
   G       9         718        75
   K       5         734        76
   T       7         737        76
   Y      14         776        80
   C       9         778        80
   Y      13         804        82
   T       9         807        82
   Y       6         817        83
   T       7         820        83
   M       8         823        84
   W      13         827        84
   C       9         822        84
   T       9         831        84
   Y      11         862        87
   T       9         861        87
   W      18         877        88
   T       9         881        88
   K      12         889        89
   T       9         889        89
   K      11         922        92
   T       9         920        92
   M      29         934        93
   A       9         934        93
   M      16         945        94
   C       9         944        94
   R      28         981        97
   S      11         983        97
   K      10         982        97
   A       9         979        97
   C       9         984        97
   T      11         981        97
   A       9         998        98
   G      28         996        98
   M      21        1031       101
   A       9        1032       101
   M      23        1052       103
   S      12        1054       103
   A       9        1051       103
   G       9        1054       103
   M      30        1092       106
   A       9        1094       106
   S      17        1125       109
   G       9        1124       109
   K      13        1147       111
   T      11        1144       111
   R      15        1212       116
   A       9        1214       116
   Y       8        1219       117
   T       9        1219       117
   R       8        1232       118
   W       8        1233       118
   G       9        1234       118
   T       9        1236       118
   M      24        1264       121
   A       9        1263       121
   M      26        1275       122
   A       9        1274       122
   W      20        1286       123
   A       9        1285       123
   M      15        1304       124
   Y       6        1305       124
   A       9        1297       124
   T       7        1308       124
   R      14        1329       126
   A       9        1325       126
   R      16        1342       127
   A       9        1345       127
   R      23        1362       129
   A      12        1360       129
   M      23        1376       130
   A       9        1372       130
   W      11        1385       131
   A       9        1386       131
   R      24        1397       132
   K       8        1397       132
   A       9        1395       132
   T       9        1395       132
   S       6        1413       133
   Y       6        1413       133
   G       7        1415       133
   T       7        1415       133
   R      17        1542       144
   A       9        1542       144
   M      10        1556       145
   S      12        1554       145
   A       7        1559       145
   G       9        1555       145
   R      15        1616       150
   G       9        1618       150
   W      30        1649       153
   A       9        1651       153
   R      12        1663       154
   G       9        1665       154
   M       8        1671       155
   S      11        1673       155
   A       9        1671       155
   G       9        1676       155
   R      13        1682       156
   W      13        1681       156
   G       9        1684       156
   T       9        1683       156
   R       9        1691       157
   A      10        1689       157
   M      17        1707       158
   S      17        1708       158
   Y      12        1709       158
   A       9        1708       158
   G       9        1709       158
   T       9        1711       158
   M      11        1720       159
   C       9        1722       159
   K      13        1728       160
   T       9        1727       160
   M      13        1766       163
   A       9        1766       163
   S      11        1778       164
   G       9        1779       164
   W      13        1799       166
   A       9        1799       166
   R      10        1837       169
   S      10        1836       169
   A      11        1835       169
   C      11        1834       169
   M      19        1847       170
   A       9        1846       170
   W      13        1860       171
   T       9        1858       171
   Y      18        1870       172
   T       9        1870       172
   Y      12        1886       173
   T       9        1888       173
   R       9        1912       175
   A       7        1915       175
   K      11        1966       180
   G       9        1965       180
   M      26        1978       181
   A       9        1976       181
   W      27        2015       184
   A       9        2014       184
   M      13        2043       186
   A       9        2044       186
   Y      13        2051       187
   C       9        2050       187
   S      25        2076       189
   C       9        2074       189
   Y      13        2092       190
   T       7        2096       190
   R      18        2125       193
   A       9        2128       193
   M      19        2148       195
   C       9        2149       195
   R       8        2156       196
   A       9        2156       196
   R      25        2228       202
   A       9        2226       202
   R      17        2257       204
   A       9        2259       204
   S      23        2313       209
   G       9        2312       209
   R      17        2338       211
   A       9        2337       211
   R      31        2361       213
   A       9        2361       213
   M      17        2421       218
   A       9        2420       218
   W      27        2471       222
   A       9        2472       222
   W      17        2484       223
   A       9        2486       223
   M      27        2516       226
   A       9        2515       226
   Y      13        2531       227
   T       9        2532       227
   W      13        2542       228
   T       9        2544       228
   R      13        2554       229
   A       9        2555       229
   M      12        2589       232
   S      24        2589       232
   Y      12        2590       232
   A       9        2590       232
   G       9        2590       232
   T       9        2591       232
   R      12        2599       233
   A       9        2597       233
   W      17        2614       234
   K      12        2613       234
   A       9        2615       234
   G       9        2614       234
   M      13        2639       236
   A       9        2642       236
   W      13        2650       237
   T       9        2652       237
   R      21        2662       238
   A       9        2664       238
   S      17        2673       239
   G       9        2674       239
   W      12        2683       240
   T       9        2681       240
   R      13        2695       241
   K      18        2694       241
   A       9        2695       241
   T      11        2701       241
   S      11        2733       244
   G       9        2734       244
   M      19        2742       245
   A       9        2741       245
   R       8        2755       246
   G       9        2756       246
   W      17        2777       248
   A       9        2775       248
   W      13        2802       250
   K      13        2804       250
   A       9        2801       250
   G       9        2804       250
   Y      13        2814       251
   T       9        2813       251
   M      20        2838       253
   Y      11        2836       253
   A       9        2839       253
   T       9        2835       253
   M      13        2849       254
   S       8        2849       254
   Y      11        2848       254
   A       9        2848       254
   G       9        2849       254
   T       9        2847       254
   Y      11        2871       256
   T       9        2870       256
   R      23        2883       257
   A       9        2882       257
   R      13        2921       260
   A       9        2920       260
   M      11        2960       263
   A       9        2961       263
   W      12        2969       264
   A       9        2968       264
   W      17        2981       265
   A       9        2979       265
   R      13        3008       267
   A       9        3010       267
   M      13        3018       268
   A       9        3017       268
   M      11        3030       269
   Y      11        3030       269
   A       9        3029       269
   T       9        3028       269
   R      27        3044       270
   K       9        3048       270
   A       9        3043       270
   T       9        3044       270
   W      17        3078       273
   A       9        3076       273
   W      29        3090       274
   A       9        3088       274
   W      13        3118       276
   A       9        3120       276
   W      27        3139       278
   A       9        3138       278
   S      21        3164       280
   G       9        3165       280
   W      13        3183       282
   T       9        3182       282
   K       8        3197       283
   A      14        3192       283
   T       9        3196       283
   G      14        3197       283
   M      27        3208       284
   A       9        3207       284
   R      10        3232       286
   A      11        3232       286
   M      17        3270       289
   A       9        3271       289
   R      16        3305       292
   A       9        3304       292
   S      17        3415       301
   C       9        3417       301
   K      25        3473       306
   G       9        3471       306
   M      27        3509       309
   C       9        3510       309
   S      20        3538       311
   G       9        3541       311
   K      13        3560       313
   G       9        3562       313
   M      21        3596       316
   A       9        3597       316
   M      26        3608       317
   A       9        3609       317
   Y      12        3619       318
   T      14        3619       318
   R      31        3776       331
   A      11        3776       331
   R      23        3812       334
   A      14        3812       334
   W      23        3898       341
   T       9        3897       341
   A       9        3918       342
   C       9        3910       342
   R      16        3926       343
   G       9        3928       343
   R      17        3935       344
   S      11        3936       344
   A       9        3935       344
   C      11        3936       344
