# CHROMAT_FILE: C05_HUK8_PC_2_UK_HUK8_R_005.scf.scf
# SOFTWARE_VERSION: TT_3.0.4beta
# NUM_ABC: 995
# NUM_SUBSTITUTIONS: 995
# NUM_DELETIONS: 0
# base2   qv2       pos2       ind2
   W      10          12         1
   T       7          14         1
   A       7          19         2
   G       7          20         2
   M       9          28         3
   C       9          27         3
   M       7          36         4
   T      12          36         4
   C       9          38         4
   A      12          35         4
   A       9          43         5
   T      14          45         5
   R       6          53         6
   G       9          53         6
   T      14          56         6
   A       9          54         6
   M      25          65         7
   C       9          66         7
   R      18          74         8
   G       9          74         8
   Y       6          89         9
   A       9          90         9
   T       9          90         9
   C       9          88         9
   S      10          97        10
   G       9          98        10
   W      12         106        11
   A       9         106        11
   Y       8         114        12
   K       8         113        12
   A       9         116        12
   C       9         116        12
   G       9         114        12
   T      14         112        12
   M       6         125        13
   C       7         127        13
   S       6         139        15
   M      12         140        15
   G       7         140        15
   C       9         139        15
   M       5         152        17
   A       7         152        17
   Y      10         154        17
   C       7         152        17
   R       6         162        18
   G       7         161        18
   W       9         174        19
   Y       7         177        19
   K       7         174        19
   A       9         172        19
   C       9         178        19
   G       9         173        19
   A      15         183        20
   T      14         183        20
   K       9         192        21
   A       9         193        21
   G       9         191        21
   T      12         194        21
   M      17         202        22
   A       9         202        22
   A       9         211        23
   T      12         209        23
   M      14         221        24
   R      14         221        24
   C       9         220        24
   G       9         220        24
   Y       5         230        25
   K       9         229        25
   C       7         232        25
   G       7         230        25
   A       7         242        26
   T       7         241        26
   K       6         257        28
   T       7         257        28
   A       7         266        29
   G      10         265        29
   S       9         288        32
   Y       9         290        32
   G       7         288        32
   T       7         291        32
   R       8         296        33
   G       9         297        33
   W       6         304        34
   A       9         305        34
   M       5         313        35
   A       7         315        35
   M       8         330        38
   A       9         332        38
   W       4         341        39
   Y       4         339        39
   A       7         342        39
   C       7         338        39
   S       4         349        40
   G       7         350        40
   M       4         357        41
   A       7         357        41
   W       4         361        42
   T       7         364        42
   T      10         373        43
   W      14         373        43
   W      18         389        45
   T      10         388        45
   Y       6         405        46
   K       6         400        46
   A       9         404        46
   C       9         408        46
   G       9         398        46
   T       9         403        46
   R      12         422        48
   G       9         422        48
   M      12         429        49
   A      12         430        49
   R      15         469        54
   G       9         468        54
   R       8         485        56
   S       5         486        56
   A       9         486        56
   C       7         488        56
   M       9         494        57
   A       7         493        57
   W      15         506        58
   T       9         505        58
   Y       6         526        60
   K       6         526        60
   A       9         528        60
   C       9         524        60
   G       9         525        60
   T       9         527        60
   R      13         554        63
   G       9         552        63
   R      19         596        67
   G      11         595        67
   Y      10         623        70
   C       7         623        70
   W      10         631        71
   A       7         634        71
   R      12         678        76
   W      12         679        76
   G       9         676        76
   T       9         678        76
   W      12         690        77
   A       9         691        77
   W      13         702        78
   A       9         701        78
   K      13         725        80
   G       9         725        80
   W      16         738        81
   A       9         736        81
   Y       6         763        83
   C       7         765        83
   R       6         768        84
   K       6         769        84
   A       9         769        84
   T       9         770        84
   W      15         789        86
   Y       8         787        86
   A       9         790        86
   C       9         786        86
   M      15         815        88
   C       9         816        88
   M      12         836        90
   A       9         835        90
   W      28         848        91
   Y       8         850        91
   K      11         849        91
   A       9         847        91
   C       9         852        91
   G       9         851        91
   W       8         860        92
   Y       8         861        92
   K       8         862        92
   A       9         858        92
   C       9         860        92
   G       9         862        92
   W       8         872        93
   Y       8         875        93
   K      16         873        93
   A       9         871        93
   C       9         876        93
   G       9         872        93
   W      14         892        94
   Y      11         886        94
   K       8         888        94
   A       9         888        94
   C       9         884        94
   G       9         889        94
   W      13         926        97
   Y       8         926        97
   K       8         923        97
   A       7         930        97
   C       9         929        97
   G       9         925        97
   K      10         934        98
   G       9         932        98
   R      11         946        99
   G       9         945        99
   R      12         961       100
   G       7         963       100
   M      12         970       102
   C       9         971       102
   M      12         980       103
   A       9         978       103
   K       6        1016       106
   C       9        1016       106
   G       9        1018       106
   T       9        1015       106
   M      17        1023       107
   C       9        1023       107
   Y      13        1036       109
   C       9        1038       109
   W       6        1044       110
   T       9        1044       110
   W       6        1055       111
   T       9        1055       111
   W      13        1113       118
   A       9        1113       118
   Y       9        1124       120
   G       9        1128       120
   T       9        1123       120
   C      13        1125       120
   K      14        1144       122
   G       9        1144       122
   R      12        1161       124
   W      12        1160       124
   G       9        1163       124
   T       9        1161       124
   W      11        1170       125
   T       9        1170       125
   R       6        1179       126
   A       7        1181       126
   K       9        1184       127
   G       9        1185       127
   K      12        1195       128
   G       9        1195       128
   K      15        1206       129
   G       9        1206       129
   R      13        1221       131
   G       9        1224       131
   S      10        1243       133
   G       9        1242       133
   G      11        1251       134
   A      13        1248       134
   K      13        1259       135
   G       9        1263       135
   K      10        1271       136
   G       7        1274       136
   R      16        1288       138
   G       9        1287       138
   S      11        1303       139
   Y       8        1302       139
   G       9        1305       139
   T       9        1303       139
   R      30        1313       140
   S       8        1314       140
   A       9        1312       140
   C       9        1314       140
   Y      11        1330       141
   K      19        1329       141
   C       9        1332       141
   G       9        1331       141
   W       8        1339       142
   Y      10        1343       142
   K      13        1341       142
   A       9        1339       142
   C       7        1346       142
   G       9        1343       142
   W      13        1355       143
   K      19        1354       143
   A       9        1358       143
   G       9        1356       143
   M      13        1362       144
   R      13        1365       144
   C       9        1360       144
   G       9        1366       144
   M      11        1374       145
   R      23        1377       145
   C       9        1372       145
   G       9        1379       145
   M      11        1385       146
   C       9        1384       146
   R       8        1398       147
   G       9        1398       147
   M      12        1410       148
   C       9        1411       148
   R      12        1419       149
   G       9        1418       149
   S       6        1457       152
   G       7        1460       152
   Y       8        1464       153
   T       9        1463       153
   W      10        1481       154
   A       9        1475       154
   T      28        1478       154
   W      11        1493       155
   A       9        1496       155
   W      25        1531       158
   A       9        1533       158
   Y       8        1549       160
   C       9        1548       160
   W      27        1563       161
   A       9        1563       161
   S       9        1579       162
   Y      12        1579       162
   G       7        1582       162
   T       7        1582       162
   W      19        1590       163
   T       9        1594       163
   W       8        1601       164
   C      12        1597       164
   T       9        1601       164
   A      18        1602       164
   Y       7        1611       165
   A      14        1611       165
   C       9        1613       165
   T      14        1610       165
   A      12        1632       167
   T      18        1634       167
   W      13        1644       168
   A       9        1642       168
   G       9        1644       168
   T      28        1646       168
   K      11        1660       169
   G       9        1663       169
   W      12        1669       170
   A       9        1667       170
   W      21        1681       171
   K      11        1682       171
   A       9        1679       171
   G       9        1681       171
   W      27        1696       172
   K       8        1694       172
   A       9        1696       172
   G       9        1693       172
   W       8        1709       173
   K       8        1709       173
   A       9        1711       173
   G       9        1711       173
   W      21        1720       174
   A       9        1720       174
   M      14        1734       175
   S       8        1732       175
   A       9        1736       175
   G       9        1733       175
   M      12        1757       177
   S      12        1754       177
   A       9        1760       177
   G       9        1754       177
   W      12        1778       179
   A       9        1777       179
   R      16        1789       180
   A       9        1787       180
   Y       8        1802       181
   T       9        1800       181
   W      21        1814       182
   A       9        1812       182
   W      15        1828       183
   K       8        1829       183
   A       9        1828       183
   G       9        1830       183
   K       6        1861       186
   T       9        1859       186
   Y      13        1883       188
   K       8        1886       188
   C       9        1881       188
   G       9        1887       188
   R      17        1918       191
   S      13        1919       191
   A       9        1917       191
   C       9        1917       191
   S      13        1957       194
   G       9        1956       194
   R      12        1997       197
   G       9        1999       197
   W      13        2003       198
   Y      13        2005       198
   A       9        2002       198
   C       9        2006       198
   M      21        2028       200
   A       9        2026       200
   M      27        2054       202
   C       9        2055       202
   S       8        2077       204
   K      17        2077       204
   C       9        2076       204
   T       9        2076       204
   M       8        2121       208
   A       9        2119       208
   M      21        2134       209
   Y      11        2137       209
   A       9        2132       209
   T       9        2138       209
   R       8        2147       210
   S       8        2148       210
   K      12        2148       210
   A       9        2146       210
   C       9        2147       210
   T       9        2147       210
   Y      17        2174       212
   C       9        2175       212
   S      12        2183       213
   C       9        2182       213
   W      20        2221       216
   K       8        2221       216
   A       9        2220       216
   G       9        2222       216
   M       7        2232       217
   C       9        2231       217
   G      12        2234       217
   A      14        2233       217
   W      19        2245       218
   Y       8        2243       218
   K       8        2246       218
   A       9        2245       218
   C       9        2242       218
   G       9        2247       218
   M       7        2258       219
   C       9        2261       219
   M       8        2271       220
   R       8        2273       220
   W       8        2272       220
   C       9        2270       220
   G       9        2275       220
   T       9        2272       220
   M      12        2291       222
   A       9        2291       222
   W      13        2301       223
   T       9        2300       223
   Y      17        2311       224
   C       9        2310       224
   R      10        2330       225
   A       7        2334       225
   M      13        2353       227
   C       9        2352       227
   W      21        2375       229
   T       9        2376       229
   Y      17        2401       231
   C       9        2404       231
   R      10        2414       232
   A       7        2417       232
   S       8        2426       233
   Y      20        2421       233
   G       9        2428       233
   T       9        2419       233
   K      20        2447       235
   G       9        2447       235
   S       8        2459       236
   G       9        2461       236
   R      12        2470       237
   W      12        2470       237
   G       9        2470       237
   T       9        2470       237
   R      12        2483       238
   G      12        2487       238
   R      14        2509       240
   G       9        2504       240
   S      14        2520       241
   G       9        2522       241
   R      11        2529       242
   G       9        2531       242
   W      27        2551       244
   T       9        2550       244
   K      13        2577       246
   T       9        2577       246
   K      29        2601       248
   G       9        2600       248
   K      13        2613       249
   G       9        2613       249
   M      12        2625       250
   S      17        2625       250
   Y      13        2626       250
   A       9        2623       250
   G       9        2624       250
   T       9        2626       250
   Y      13        2638       251
   T       9        2639       251
   W      24        2649       252
   Y      11        2648       252
   A       9        2649       252
   C       9        2647       252
   R      14        2664       253
   G       9        2666       253
   W      17        2673       254
   A       9        2673       254
   S      17        2685       255
   G       9        2685       255
   R      13        2698       256
   A       9        2698       256
   S      12        2713       257
   G       9        2716       257
   R      16        2732       259
   S      11        2733       259
   K      10        2737       259
   A       9        2730       259
   C       9        2732       259
   T       7        2741       259
   K      16        2756       261
   T       9        2754       261
   Y      13        2815       266
   K      13        2816       266
   C       9        2813       266
   G       9        2816       266
   S       8        2830       267
   Y      20        2830       267
   G       9        2833       267
   T       9        2833       267
   M      20        2842       268
   S       8        2842       268
   Y      13        2842       268
   A       9        2842       268
   G       9        2844       268
   T       9        2843       268
   M      13        2852       269
   S       6        2856       269
   Y       8        2852       269
   A      14        2852       269
   G       7        2860       269
   T       9        2852       269
   W      25        2863       270
   A       9        2861       270
   W      16        2880       271
   A       9        2883       271
   W      13        2892       272
   A       9        2895       272
   R      13        2905       273
   A       7        2909       273
   R       9        2916       274
   K       8        2912       274
   A      10        2919       274
   T       9        2911       274
   K      12        2927       275
   G       9        2928       275
   R      12        2948       277
   G       9        2947       277
   K      17        2961       278
   G       9        2963       278
   W      32        2982       280
   A       9        2981       280
   M      13        3005       282
   S      13        3005       282
   A       9        3004       282
   G       9        3004       282
   K      16        3021       283
   G       9        3023       283
   M      13        3033       284
   C       9        3036       284
   R       8        3041       285
   A       9        3040       285
   S      17        3056       286
   Y      13        3057       286
   G       9        3056       286
   T       9        3060       286
   R       8        3068       287
   W       8        3068       287
   G       9        3068       287
   T       9        3068       287
   R      10        3082       288
   K      14        3082       288
   A       7        3085       288
   T       9        3076       288
   K      13        3094       289
   T       7        3098       289
   K      11        3103       290
   T       9        3104       290
   R      11        3117       291
   W      27        3114       291
   G       9        3119       291
   T       9        3114       291
   W      20        3128       292
   T       9        3129       292
   K      13        3152       294
   T       9        3153       294
   W      13        3163       295
   T       9        3163       295
   R       8        3175       296
   W      35        3174       296
   G       9        3176       296
   T       9        3174       296
   W      17        3187       297
   K       8        3186       297
   A       9        3188       297
   G       9        3187       297
   K       8        3199       298
   T       9        3199       298
   G      28        3223       300
   T       9        3224       300
   K      20        3233       301
   G       9        3233       301
   T       9        3244       302
   A      18        3246       302
   K      11        3257       303
   T       9        3258       303
   R       6        3274       304
   S       8        3273       304
   K      11        3268       304
   A       9        3268       304
   C       9        3275       304
   T       9        3266       304
   G      18        3271       304
   R      12        3296       306
   S      19        3297       306
   A       9        3296       306
   C       9        3299       306
   W      17        3308       307
   T       9        3309       307
   R      11        3318       308
   K      17        3319       308
   A      11        3318       308
   T       9        3319       308
   K      20        3330       309
   G       9        3330       309
   R       8        3342       310
   W      19        3344       310
   G       9        3342       310
   T       9        3347       310
   M       9        3357       311
   C       7        3359       311
   W      13        3363       312
   A       9        3363       312
   M      12        3376       313
   R      11        3376       313
   W      13        3382       313
   C       9        3373       313
   G       9        3374       313
   T       9        3374       313
   M      12        3393       314
   R      13        3393       314
   C       9        3396       314
   G       9        3395       314
   R       8        3402       315
   A       9        3402       315
   K      18        3451       319
   G       9        3454       319
   S      11        3463       320
   G       9        3466       320
   W      18        3475       321
   A       9        3477       321
   Y      21        3498       323
   T       9        3500       323
   Y      13        3509       324
   T       9        3510       324
   M      11        3518       325
   W      13        3520       325
   C       9        3518       325
   T       9        3521       325
   W      24        3531       326
   K      11        3531       326
   A       9        3532       326
   G       9        3532       326
   S      11        3555       328
   K      27        3555       328
   C       9        3556       328
   T       9        3556       328
   A       9        3603       332
   C      34        3603       332
   Y      19        3615       333
   C       9        3616       333
   W      17        3629       334
   Y      17        3629       334
   A       9        3631       334
   C       9        3630       334
   W      17        3640       335
   A       9        3640       335
   R      17        3674       338
   W      13        3675       338
   G       9        3674       338
   T       9        3675       338
   W      24        3709       341
   A       9        3711       341
   W      17        3721       342
   A       9        3721       342
   R      17        3732       343
   G       9        3733       343
   R      13        3742       344
   G       9        3742       344
   W      21        3792       348
   A       9        3795       348
   W      26        3804       349
   Y       8        3804       349
   A       9        3806       349
   C       9        3805       349
   R      13        3829       351
   W      11        3823       351
   G       9        3833       351
   T       9        3822       351
   R      13        3873       355
   G       9        3872       355
   S      13        3909       358
   G       9        3910       358
   R      17        3920       359
   G       9        3920       359
   S      30        3932       360
   K      13        3934       360
   C       9        3931       360
   T       9        3934       360
   W      13        3982       364
   K      13        3983       364
   A       9        3984       364
   G       9        3985       364
   S      11        4016       367
   Y       8        4014       367
   G       9        4016       367
   T       9        4013       367
   W      26        4030       368
   K      11        4030       368
   A       9        4031       368
   G       9        4031       368
   Y      11        4054       370
   K      20        4054       370
   C       9        4054       370
   G       9        4055       370
   Y      12        4076       372
   K       8        4076       372
   C       9        4075       372
   G       9        4075       372
   R      11        4087       373
   W      11        4089       373
   G       9        4085       373
   T       9        4088       373
   R      32        4101       374
   A       9        4101       374
   Y      21        4126       376
   T       9        4127       376
   W      14        4151       378
   A       9        4154       378
   R      27        4174       380
   G       9        4173       380
   M      13        4187       381
   C       9        4189       381
   W      21        4198       382
   A       9        4200       382
   W      13        4221       384
   K      12        4223       384
   A       9        4221       384
   G       9        4227       384
   R      10        4235       385
   G       9        4238       385
   R      20        4242       386
   S      11        4244       386
   A       9        4241       386
   C       9        4244       386
   S      12        4261       387
   C       9        4263       387
   M      13        4292       390
   Y      13        4294       390
   A       9        4292       390
   T       9        4295       390
   M      27        4305       391
   Y      11        4306       391
   A       9        4307       391
   T       9        4309       391
   R      12        4330       393
   G       9        4329       393
   R      11        4374       397
   K      19        4378       397
   A      11        4372       397
   T       9        4380       397
   S      17        4403       399
   Y       9        4406       399
   G       9        4402       399
   T       7        4409       399
   R      13        4413       400
   G       9        4413       400
   S      11        4428       401
   G       9        4432       401
   R      32        4450       403
   A       9        4452       403
   R      13        4473       405
   G       9        4473       405
   R      13        4485       406
   G       9        4484       406
   Y      20        4498       407
   C       9        4497       407
   M      13        4519       409
   R      13        4520       409
   C       9        4518       409
   G       9        4519       409
   W      26        4545       411
   Y      11        4547       411
   A       9        4544       411
   C       9        4547       411
   K      13        4570       413
   G       9        4570       413
   W      30        4580       414
   A       9        4579       414
   K       8        4605       416
   A       9        4605       416
   G       9        4605       416
   T      32        4605       416
   M      13        4615       417
   A       9        4614       417
   S       8        4632       418
   G       9        4634       418
   M      12        4640       419
   C       9        4639       419
   W       8        4652       420
   Y       8        4651       420
   A       9        4651       420
   C       9        4651       420
   M      15        4665       421
   A       9        4665       421
   M       6        4678       422
   A       9        4679       422
   M       6        4687       423
   R       6        4689       423
   C       9        4687       423
   G       9        4691       423
   W      11        4714       425
   K      11        4711       425
   A       9        4714       425
   G       9        4710       425
   M      12        4724       426
   A      14        4724       426
   M      28        4738       427
   C       9        4739       427
   K       8        4747       428
   G       9        4746       428
   M      20        4773       430
   A       9        4775       430
   W       8        4795       432
   A       9        4796       432
   M      29        4810       433
   A       9        4811       433
   W      11        4831       435
   A      14        4831       435
   W      23        4842       436
   A       9        4841       436
   M      13        4854       437
   A       9        4852       437
   W      18        4894       440
   A       9        4896       440
   K      11        4961       446
   A       9        4961       446
   G       9        4960       446
   T      20        4963       446
   S       8        4989       448
   G       9        4991       448
   W      27        4998       449
   Y       8        4997       449
   A       9        4996       449
   C       9        4995       449
   R      15        5021       451
   A       9        5019       451
   R       8        5047       453
   A       9        5046       453
   R      18        5060       454
   G       9        5058       454
   R      16        5077       455
   A      13        5079       455
   M      10        5098       457
   A      11        5099       457
   M      30        5122       459
   S       8        5123       459
   A       9        5124       459
   G       9        5126       459
   M      13        5133       460
   A       9        5134       460
   W      14        5160       462
   K       8        5159       462
   A       9        5164       462
   G       9        5161       462
   R       8        5183       464
   W       6        5185       464
   G      11        5185       464
   W      12        5180       464
   T       7        5189       464
   A       9        5182       464
   K       7        5196       465
   T       9        5199       465
   W      11        5218       467
   K      17        5217       467
   A       9        5216       467
   G       9        5215       467
   Y      12        5235       468
   T       9        5239       468
   M      13        5242       469
   Y       8        5246       469
   A       9        5240       469
   T       9        5247       469
   K       8        5278       472
   R      17        5274       472
   T       9        5279       472
   G      12        5277       472
   R      12        5290       473
   A       9        5288       473
   M      14        5302       474
   A       9        5300       474
   W       6        5320       475
   T       7        5324       475
   M       8        5330       476
   Y       8        5333       476
   A       9        5330       476
   T       9        5335       476
   W      14        5344       477
   A       7        5348       477
   R       8        5355       478
   A       9        5357       478
   R      13        5376       480
   S       8        5376       480
   K       8        5377       480
   A       9        5375       480
   C       9        5375       480
   T       9        5377       480
   M      19        5389       481
   A       9        5389       481
   W      15        5406       482
   Y       8        5401       482
   A       9        5410       482
   C       9        5400       482
   W       8        5413       483
   T       9        5411       483
   R       8        5430       484
   S       8        5427       484
   K       8        5427       484
   A      12        5425       484
   C       9        5427       484
   T       9        5428       484
   G      24        5427       484
   M      28        5451       486
   A       9        5451       486
   M      17        5478       488
   A       9        5481       488
   W      18        5492       489
   Y       8        5488       489
   A       9        5494       489
   C       9        5487       489
   R      11        5502       490
   K       8        5504       490
   A       9        5504       490
   T       9        5507       490
   M      12        5548       494
   Y      12        5548       494
   A      11        5547       494
   T      11        5547       494
   W      23        5561       495
   Y      11        5561       495
   A      11        5558       495
   C       9        5559       495
   R      24        5575       496
   A       9        5577       496
   M      13        5589       497
   Y      11        5585       497
   A       9        5592       497
   T       9        5584       497
   M       8        5602       498
   W       9        5603       498
   C       9        5604       498
   T       7        5607       498
   R      12        5613       499
   A       9        5615       499
   M      10        5623       500
   Y       9        5622       500
   A       9        5624       500
   T      11        5623       500
   M       9        5631       501
   C       9        5630       501
   M      10        5650       502
   Y       7        5644       502
   A       9        5653       502
   T       9        5642       502
   W      13        5662       503
   A       9        5665       503
   R      12        5676       504
   K       8        5671       504
   A       9        5680       504
   T       9        5670       504
   W      16        5697       506
   T       9        5698       506
   Y      12        5711       507
   T       9        5713       507
   M      30        5722       508
   S       8        5721       508
   A       9        5723       508
   G       9        5721       508
   R       8        5733       509
   G       9        5732       509
   M      24        5744       510
   S      10        5744       510
   A      12        5745       510
   G      11        5745       510
   R      12        5765       512
   G       9        5764       512
   R      12        5773       513
   G       9        5772       513
   W      13        5785       514
   T      11        5788       514
   R      13        5794       515
   S       8        5798       515
   A       9        5793       515
   C       9        5801       515
   S       8        5827       518
   C       9        5827       518
   M       6        5840       519
   R       6        5839       519
   C       9        5838       519
   G       9        5837       519
