# CHROMAT_FILE: C08_LX12_HM_UKB2_LX12_R_006.ab1
# SOFTWARE_VERSION: TT_3.0.4beta
# NUM_ABC: 56
# NUM_SUBSTITUTIONS: 56
# NUM_DELETIONS: 0
# base2   qv2       pos2       ind2
   R       5           2         0
   S       4           2         0
   C       7           1         0
   G       7           4         0
   K      12          70         5
   T      11          66         5
   S       9          94         7
   G       7          91         7
   Y       5         105         8
   T       7         103         8
   Y      10         110         8
   C       9         107         8
   K      10         214        16
   G      11         213        16
   K      16         409        33
   G      11         410        33
   M      17         717        59
   C      12         719        59
   S      29         899        75
   C      11         900        75
   R      20        1004        85
   G       9        1002        85
   K      13        1015        86
   G       9        1015        86
   R      21        1027        87
   G       9        1027        87
   A      11        1041        88
   G      35        1042        88
   K      20        1064        90
   G       9        1062        90
   K      30        1101        93
   G       9        1101        93
   R      23        1134        96
   G      14        1134        96
   M      33        1145        97
   C       9        1145        97
   K      20        1168        99
   T      11        1167        99
   Y      31        1202       102
   C       9        1204       102
   Y      27        1248       106
   C       9        1249       106
   Y      12        1260       107
   C       9        1260       107
   Y       8        1283       109
   C       9        1281       109
   W      17        1295       110
   A       9        1293       110
   R      13        1313       111
   A       7        1316       111
   W      29        1330       113
   A       9        1329       113
   A      10        1350       114
   C      14        1344       114
   T      12        3108       263
   C      28        3107       263
