# CHROMAT_FILE: CX3-HE-R.scf.scf.scf.scf
# SOFTWARE_VERSION: TT_3.0.4beta
# NUM_ABC: 622
# NUM_SUBSTITUTIONS: 622
# NUM_DELETIONS: 0
# base2   qv2       pos2       ind2
   K       4         139         9
   T       7         138         9
   C       9         179        12
   A       9         183        12
   A       9         227        15
   T       9         221        15
   T       9         247        17
   C       9         250        17
   C       9         284        20
   G       9         280        20
   K      16         351        26
   G       9         352        26
   S       6         367        27
   C       9         370        27
   R       6         376        28
   K       6         377        28
   A       9         374        28
   T       9         376        28
   K       6         397        30
   C       9         405        30
   G       9         395        30
   T       9         399        30
   K      10         451        35
   G       9         449        35
   R       6         464        36
   G       9         466        36
   W       6         471        37
   T       9         471        37
   Y       6         484        38
   K       6         483        38
   C       9         484        38
   G       9         482        38
   R       8         512        40
   S       8         509        40
   A       9         514        40
   C       9         507        40
   S      11         522        41
   C       9         521        41
   T      14         525        41
   G      14         523        41
   G       7         539        42
   A      12         535        42
   Y      10         555        45
   T       9         555        45
   W      13         567        46
   A       9         566        46
   C       9         581        47
   G       9         582        47
   W      10         588        48
   T      11         588        48
   M       9         598        49
   W       9         597        49
   C       9         600        49
   T       9         597        49
   R      11         609        50
   A       9         608        50
   R      19         640        53
   G       9         640        53
   S      18         652        54
   G       9         652        54
   M       9         663        55
   S      13         664        55
   A       9         664        55
   G      11         666        55
   W       8         674        56
   Y       6         678        56
   K       9         676        56
   A       9         674        56
   C       7         682        56
   G       7         679        56
   M       7         693        58
   C       9         694        58
   R      13         703        59
   S       7         704        59
   A      11         703        59
   C       9         705        59
   K      16         729        61
   T       9         731        61
   S      11         738        62
   C      11         740        62
   Y       5         752        63
   C       7         754        63
   R       6         761        64
   A       7         763        64
   M       5         774        66
   S       8         774        66
   A       7         773        66
   G      10         773        66
   M      11         784        67
   W       6         784        67
   C      10         783        67
   T       7         784        67
   M       7         800        68
   C      14         797        68
   A       9         805        68
   G      12         798        68
   T       9         808        69
   G      19         812        69
   C      12         824        70
   T      14         821        70
   S      11         835        71
   Y      23         835        71
   G       9         835        71
   T      12         834        71
   R      24         846        72
   S       8         850        72
   A       9         845        72
   C       9         853        72
   R      12         862        73
   G       9         863        73
   Y       8         883        75
   A      12         885        75
   C       9         884        75
   T      18         883        75
   Y       8         896        76
   G       9         898        76
   T       9         896        76
   C      28         895        76
   W      13         908        77
   Y       8         911        77
   A       9         907        77
   C       9         912        77
   R      15         921        78
   A       9         920        78
   M      18         935        79
   Y       8         932        79
   A       9         937        79
   T       9         931        79
   S      11         947        80
   G       9         948        80
   W       7         954        81
   T       9         955        81
   K       6         964        82
   Y      11         966        82
   G       9         963        82
   T       9         966        82
   G       9         974        83
   C      14         978        83
   W      18         987        84
   Y      10         986        84
   A       9         989        84
   C      11         987        84
   R      21         998        85
   S      12        1000        85
   A       9        1000        85
   C       9        1004        85
   S       8        1013        86
   C       9        1015        86
   T      12        1035        88
   G      25        1039        88
   K      20        1077        91
   T       9        1079        91
   K      18        1091        92
   T       9        1093        92
   R       8        1101        93
   A       9        1102        93
   C      13        1104        93
   G      18        1101        93
   W      12        1114        94
   T       9        1114        94
   R       8        1126        95
   K      26        1125        95
   A       9        1129        95
   T       9        1126        95
   K      13        1137        96
   C       9        1138        96
   T       9        1138        96
   G      25        1137        96
   M       8        1150        97
   R      13        1150        97
   C       9        1150        97
   G       9        1151        97
   M       8        1160        98
   C       9        1159        98
   R       8        1170        99
   K       8        1171        99
   A       9        1170        99
   T       9        1173        99
   Y       7        1184       100
   T       9        1186       100
   S      11        1193       101
   Y       7        1193       101
   G      12        1191       101
   T       9        1192       101
   R      15        1204       102
   C      14        1203       102
   G      12        1203       102
   A      14        1205       102
   W      20        1215       103
   K      10        1220       103
   A       9        1214       103
   G       7        1223       103
   M       8        1229       104
   A       9        1230       104
   K      12        1240       105
   A       9        1240       105
   T       9        1244       105
   G      23        1237       105
   M       8        1249       106
   C       9        1247       106
   R      11        1265       107
   K      10        1266       107
   A       9        1267       107
   T       9        1269       107
   M       8        1288       109
   C       9        1290       109
   G      14        1286       109
   A      18        1287       109
   Y       8        1300       110
   K      24        1298       110
   C       9        1303       110
   G      12        1299       110
   R       7        1312       111
   A       9        1314       111
   C      12        1311       111
   G      12        1310       111
   W       8        1323       112
   T      25        1323       112
   A       9        1323       112
   C       9        1322       112
   R       7        1335       113
   C      12        1333       113
   G       9        1336       113
   A      14        1335       113
   T       9        1345       114
   C      13        1346       114
   Y      11        1359       115
   G      13        1358       115
   T       9        1361       115
   C      18        1357       115
   M      12        1367       116
   Y      19        1371       116
   A       9        1365       116
   T       9        1373       116
   M      13        1383       117
   C       9        1384       117
   M       8        1394       118
   C       9        1396       118
   G      12        1390       118
   R      27        1393       118
   S      19        1415       120
   G       9        1415       120
   W       8        1432       121
   Y       8        1429       121
   A      12        1428       121
   C       9        1429       121
   T      14        1429       121
   S      11        1441       122
   K      20        1439       122
   C       9        1442       122
   T       9        1438       122
   S      15        1451       123
   G       9        1450       123
   S       7        1475       125
   K       7        1477       125
   C       9        1475       125
   T       9        1479       125
   R       6        1487       126
   K       6        1492       126
   A       9        1486       126
   T       9        1496       126
   W       7        1504       127
   A       9        1497       127
   T       9        1502       127
   S      12        1512       128
   C       7        1511       128
   R      13        1529       129
   A      11        1532       129
   S       8        1542       130
   C       9        1545       130
   W       8        1551       131
   A       9        1551       131
   S      16        1562       132
   C       9        1560       132
   R      13        1578       133
   G       7        1581       133
   R      26        1595       135
   G       9        1594       135
   S      27        1607       136
   G       9        1607       136
   W       8        1621       137
   Y      17        1620       137
   A       9        1622       137
   C       9        1619       137
   S      12        1643       139
   C       9        1641       139
   S      21        1660       140
   C       9        1653       140
   M       8        1671       141
   W      11        1673       141
   C       9        1670       141
   T       9        1674       141
   R       8        1683       142
   K      26        1681       142
   A       9        1683       142
   T       9        1680       142
   M      12        1694       143
   A       9        1695       143
   Y       8        1719       145
   K      20        1717       145
   C       9        1719       145
   G       9        1715       145
   S      13        1729       146
   C       9        1728       146
   R       8        1743       147
   S      14        1748       147
   A       9        1742       147
   C      10        1752       147
   R      11        1759       148
   S       9        1761       148
   A       9        1761       148
   C       7        1765       148
   Y      22        1801       152
   C       9        1800       152
   S      13        1818       153
   C       9        1821       153
   R      33        1828       154
   A       9        1829       154
   S      11        1842       155
   C       9        1843       155
   Y      13        1853       156
   C       9        1852       156
   K      20        1865       157
   T       9        1865       157
   S      27        1878       158
   C       9        1879       158
   M      12        1889       159
   C       9        1887       159
   R      10        1906       160
   K      19        1903       160
   A       9        1909       160
   T       9        1904       160
   K      24        1915       161
   T       9        1916       161
   S      17        1927       162
   C       9        1928       162
   R      11        1941       163
   G       9        1942       163
   R      23        1952       164
   A       9        1954       164
   S      13        1965       165
   C       9        1967       165
   K      27        1976       166
   T       9        1977       166
   S      11        1990       167
   G       7        1993       167
   S      17        2007       169
   G       9        2007       169
   M      21        2021       170
   C       9        2023       170
   S      25        2034       171
   C       9        2037       171
   Y      20        2059       173
   C       9        2060       173
   M       8        2082       175
   S       8        2080       175
   A       9        2082       175
   G       9        2078       175
   S      27        2093       176
   G       9        2092       176
   S      27        2106       177
   G       9        2106       177
   Y      13        2118       178
   C       9        2117       178
   M      19        2130       179
   A       9        2129       179
   M      19        2141       180
   C       9        2141       180
   C      13        2152       181
   G      18        2153       181
   R      11        2165       182
   K      11        2164       182
   A       9        2164       182
   T       9        2162       182
   C      28        2177       183
   G       9        2176       183
   G       9        2188       184
   C      14        2190       184
   S       8        2213       186
   Y      18        2212       186
   G       9        2214       186
   T       9        2213       186
   C      12        2226       187
   A       9        2228       187
   S      13        2237       188
   K      17        2236       188
   A      14        2235       188
   C      12        2238       188
   T      12        2237       188
   G      14        2236       188
   M       7        2248       189
   R       7        2249       189
   C       9        2248       189
   G       9        2249       189
   T       9        2251       189
   A      14        2248       189
   M      19        2261       190
   R      13        2260       190
   C       9        2262       190
   G       9        2261       190
   R       8        2273       191
   S      13        2273       191
   K       8        2272       191
   A       9        2275       191
   C       9        2274       191
   T       9        2273       191
   T      25        2284       192
   G       9        2284       192
   S      13        2297       193
   G       9        2297       193
   C      12        2309       194
   A      18        2307       194
   R      17        2320       195
   K      17        2320       195
   A       9        2322       195
   T       9        2321       195
   M      11        2343       197
   R      26        2344       197
   C       9        2343       197
   G       9        2344       197
   R      11        2355       198
   A       9        2354       198
   M      20        2369       199
   C       9        2370       199
   A      13        2380       200
   G      18        2379       200
   S      13        2392       201
   G       9        2392       201
   R      19        2405       202
   A       9        2404       202
   K      20        2416       203
   T       9        2414       203
   S      11        2430       204
   C       9        2431       204
   M      30        2440       205
   A       9        2439       205
   Y      17        2454       206
   K       8        2452       206
   C       9        2454       206
   G       9        2451       206
   A       9        2465       207
   C      22        2465       207
   S       8        2477       208
   G       9        2478       208
   T      12        2474       208
   C      24        2477       208
   G       9        2491       209
   A      28        2486       209
   R      13        2500       210
   S      18        2501       210
   A       9        2501       210
   C       9        2503       210
   S      27        2514       211
   C       9        2516       211
   R      28        2538       213
   G       9        2538       213
   S      21        2561       215
   G       9        2563       215
   R      20        2573       216
   G       9        2575       216
   Y      13        2610       219
   T       7        2613       219
   S      18        2622       220
   G       9        2625       220
   M       8        2665       224
   C       9        2664       224
   Y      13        2677       225
   T       9        2675       225
   S      16        2688       226
   G       9        2686       226
   W      27        2701       227
   A       9        2700       227
   R      22        2713       228
   A       9        2711       228
   M      16        2731       229
   A       7        2734       229
   S       6        2742       230
   G       7        2745       230
   M      15        2753       231
   C       9        2756       231
   K      10        2766       232
   G       7        2769       232
   Y      10        2777       233
   C       7        2780       233
   R      12        2789       234
   A       9        2792       234
   S      17        2800       235
   C       9        2802       235
   S      25        2825       237
   C       9        2827       237
   Y      12        2837       238
   C       9        2839       238
   S      13        2849       239
   C       9        2851       239
   S      19        2861       240
   C       9        2863       240
   K      13        2873       241
   T       9        2875       241
   K      26        2885       242
   G       9        2887       242
   W      14        2921       245
   T       7        2924       245
   M      28        2943       247
   A       9        2945       247
   S      21        2967       249
   C       9        2969       249
   S      13        2980       250
   C       9        2981       250
   R      31        3005       252
   A       9        3006       252
   W      12        3016       253
   A       9        3017       253
   Y      13        3028       254
   C       9        3028       254
   Y      13        3039       255
   C       9        3040       255
   Y      13        3051       256
   C       9        3052       256
   W      13        3062       257
   A       9        3063       257
   Y      27        3086       259
   C       9        3086       259
   A       9        3098       260
   G      28        3099       260
   M      27        3122       262
   C       9        3122       262
   M      28        3134       263
   C       9        3134       263
   M      21        3145       264
   A       9        3145       264
   K      31        3179       267
   G       9        3179       267
   A       9        3192       268
   T      22        3192       268
   T       9        3216       270
   A      18        3215       270
   C      13        3228       271
   G      18        3228       271
   R      13        3238       272
   A       9        3238       272
   M      17        3251       273
   C       9        3250       273
   Y      17        3262       274
   C       9        3261       274
   Y      24        3275       275
   C       9        3274       275
   W      13        3286       276
   A       9        3285       276
   S      17        3298       277
   C       9        3297       277
   S      17        3310       278
   C       9        3308       278
   Y      23        3322       279
   C       9        3320       279
   K      13        3335       280
   T       9        3334       280
   S      27        3347       281
   C       9        3345       281
   M      14        3363       282
   A       7        3367       282
   S      13        3388       284
   C       7        3391       284
   M      18        3411       286
   A       9        3415       286
   S      15        3435       288
   G       9        3438       288
   S      18        3447       289
   G       9        3450       289
   Y       9        3460       290
   C       7        3463       290
   S      13        3496       293
   G       7        3499       293
   S      18        3531       296
   C       9        3534       296
   S      12        3544       297
   C       9        3546       297
   Y      17        3567       299
   C       9        3570       299
   M      10        3579       300
   C       7        3583       300
   R       8        3591       301
   A       9        3594       301
   R      18        3613       303
   A       9        3617       303
   S      11        3625       304
   G       9        3628       304
   K      27        3649       306
   T      12        3651       306
   S      17        3662       307
   G       9        3664       307
   K      16        3686       309
   G       9        3688       309
   W      15        3699       310
   A       9        3702       310
   W      11        3710       311
   T       9        3712       311
   W      11        3721       312
   T       9        3719       312
   A       9        3768       316
   G      18        3768       316
   K      13        4008       336
   T      14        4009       336
   K      13        4319       362
   T      14        4320       362
   S      31        5593       468
   C      11        5593       468
   C      13        5980       500
   T      18        5979       500
   R      30        6014       503
   A       9        6012       503
   R      33        7165       599
   A      14        7164       599
   R       7        7305       611
   A       9        7305       611
   A       9        7315       612
   G       9        7316       612
   T      12        7342       614
   A       9        7343       614
   A      14        7356       615
   T       9        7353       615
   R      12        7403       619
   A       7        7399       619
