# CHROMAT_FILE: D12_707_GXYUK7_R_008.ab1
# SOFTWARE_VERSION: TT_3.0.4beta
# NUM_ABC: 144
# NUM_SUBSTITUTIONS: 144
# NUM_DELETIONS: 0
# base2   qv2       pos2       ind2
   W      11           3         0
   A      11           1         0
   Y       6          17         1
   T       9          16         1
   Y       5          27         2
   C       7          28         2
   W       4          68         6
   K       4          68         6
   A       7          69         6
   G       7          69         6
   W       4          85         7
   T       7          88         7
   R      13         110         9
   A       9         106         9
   W      10         244        21
   T       9         243        21
   K       6         252        22
   G       7         253        22
   M      32         519        45
   A       9         520        45
   R      29        3025       255
   A       9        3026       255
   R      12        3037       256
   G       9        3037       256
   M      12        3060       258
   A       9        3060       258
   R      21        3072       259
   G       9        3072       259
   K      28        3086       260
   T       9        3087       260
   Y      19        3121       263
   T       9        3122       263
   W      11        3134       264
   A       9        3134       264
   W      32        3146       265
   T       9        3146       265
   Y      29        3194       269
   T       9        3195       269
   W      24        3255       274
   T       9        3256       274
   A       9        3374       284
   C      18        3375       284
   K      31        3410       287
   T       9        3411       287
   K      21        3471       292
   T       9        3472       292
   W      24        3485       293
   A       9        3487       293
   M      20        3519       296
   C       9        3519       296
   M      24        3543       298
   A       9        3543       298
   R      18        3631       305
   A       9        3634       305
   W      20        3677       309
   T       9        3677       309
   R      31        3702       311
   A       9        3704       311
   W      21        3726       313
   T       9        3727       313
   T       9        3798       319
   A       9        3798       319
   M      16        3834       322
   A       9        3836       322
   W      21        3868       325
   T       9        3869       325
   S      30        3943       331
   C       9        3944       331
   K      13        3979       334
   T       9        3980       334
   K      18        4051       340
   T       9        4052       340
   R       7        4113       345
   G       9        4115       345
   S      15        4124       346
   C       9        4123       346
   R      13        4149       348
   G      14        4149       348
   M      18        4220       354
   C       9        4221       354
   A      11        4344       364
   G      18        4344       364
   T      26        4405       369
   C       9        4406       369
   G       9        4415       370
   T       9        4419       370
   G      14        4529       379
   A       9        4530       379
   Y       8        4616       386
   T       9        4616       386
   C      18        4692       392
   T       9        4694       392
   T      20        4726       395
   C       9        4727       395
   T       9        4862       406
   C       9        4862       406
   A       9        4913       410
   G       9        4912       410
   A      11        4943       412
   C       9        4937       412
   T      11        4960       414
   C       9        4962       414
   R      11        5059       422
   A       9        5059       422
   G      11        5161       430
   A       9        5164       430
   G       9        5220       434
   T       9        5221       434
   C       9        5247       436
   T      18        5246       436
   S      21        5359       445
   G       9        5361       445
   T       9        5410       449
   C      18        5411       449
   W       6        5533       459
   T       9        5537       459
   K       6        5547       460
   G       9        5547       460
   K      16        5563       461
   T       9        5566       461
   W      17        5635       467
   T       9        5636       467
   R      31        5662       469
   A      14        5661       469
   C       9        5675       470
   T      25        5675       470
   Y      33        5698       472
   C      11        5699       472
   Y      18        5739       475
   T       9        5740       475
   C       9        5903       488
   T       9        5903       488
   Y      10        5939       491
   T      11        5937       491
   Y       8        6056       501
   C       9        6057       501
   G       9        6292       520
   A       9        6289       520
   W      13        6337       524
   A       9        6337       524
   T       9        6350       525
   G       9        6348       525
   W       8        6411       530
   T       9        6413       530
