# CHROMAT_FILE: E04_HX19_JD_UKB2_HX19_F_010.ab1
# SOFTWARE_VERSION: TT_3.0.4beta
# NUM_ABC: 871
# NUM_SUBSTITUTIONS: 871
# NUM_DELETIONS: 0
# base2   qv2       pos2       ind2
   M       7         238        17
   S       6         237        17
   G       9         237        17
   C       9         238        17
   Y      15         274        20
   T      11         277        20
   M       6         304        23
   C       9         307        23
   W       6         320        24
   T       9         318        24
   C      11         333        25
   G       9         329        25
   K       7         346        26
   T       9         348        26
   R      10         359        27
   G       9         358        27
   W      13         381        29
   T       9         384        29
   R       7         388        30
   S      10         392        30
   A       9         388        30
   C       9         396        30
   R      16         403        31
   G       9         403        31
   W      20         415        32
   A       9         419        32
   Y      12         429        33
   T       9         432        33
   W      18         437        34
   K      21         440        34
   A       9         435        34
   G       9         441        34
   S      10         454        35
   G      10         457        35
   W      17         461        36
   A      12         461        36
   K      12         475        37
   C      13         472        37
   T      12         476        37
   G      18         474        37
   G      13         492        38
   A      12         483        38
   Y      19         498        39
   T      11         496        39
   A      12         511        40
   T      18         509        40
   S      17         522        41
   C       9         521        41
   S      17         542        42
   C       9         544        42
   W       6         557        43
   G      13         551        43
   T       9         559        43
   A       9         556        43
   K      14         566        44
   T       9         568        44
   R       6         580        45
   G       9         582        45
   Y       6         587        46
   T       9         586        46
   M       6         599        47
   S       6         596        47
   A       9         600        47
   G       9         595        47
   Y       6         608        48
   T       9         607        48
   T       9         621        49
   C      13         623        49
   G      13         636        50
   A      13         632        50
   R       7         646        51
   G       9         646        51
   T      14         647        51
   A      14         646        51
   G      12         661        52
   C      12         658        52
   Y      20         671        53
   T       9         670        53
   C      14         685        54
   T      18         683        54
   M      27         695        55
   A       9         694        55
   K      28         706        56
   G       9         706        56
   S      15         719        57
   G       9         719        57
   C      20         742        59
   T       9         743        59
   G      14         756        60
   T      14         755        60
   M       9         765        61
   A      11         764        61
   G      13         769        61
   C      14         767        61
   S      10         791        63
   Y       6         791        63
   G      11         788        63
   T       7         788        63
   W      14         822        66
   A       9         825        66
   Y       6         835        67
   T       7         838        67
   M      12         842        68
   A      10         844        68
   K      13         854        69
   G       9         857        69
   T      13         879        71
   A       9         881        71
   R       9         895        73
   G       9         894        73
   Y       6         904        74
   T       9         902        74
   W      14         924        76
   A      11         925        76
   M      11         967        80
   S      11         967        80
   Y       8         966        80
   A       9         971        80
   G       9         971        80
   T       9         968        80
   S      10         978        81
   K      11         980        81
   C      11         977        81
   T       9         981        81
   K       8        1002        83
   W      10        1002        83
   G       9        1004        83
   T       9        1001        83
   K       6        1015        84
   T       9        1014        84
   T       9        1026        85
   C       9        1028        85
   R      15        1039        86
   K       8        1037        86
   A       9        1040        86
   T       9        1037        86
   K       8        1051        87
   T       9        1051        87
   T       9        1063        88
   G      14        1064        88
   R      17        1089        90
   S      13        1093        90
   A      12        1089        90
   C      11        1097        90
   S      11        1123        93
   G       9        1123        93
   C      14        1136        94
   Y       7        1134        94
   G       9        1136        94
   T       9        1132        94
   S       8        1148        95
   K      10        1146        95
   A      12        1146        95
   C       9        1149        95
   T      11        1145        95
   G      14        1148        95
   K      11        1171        97
   T       9        1172        97
   C      14        1183        98
   G      14        1183        98
   C      12        1195        99
   A      12        1198        99
   W      13        1210       100
   Y      10        1206       100
   A       9        1212       100
   C      11        1205       100
   G      14        1209       100
   T      14        1207       100
   S       7        1219       101
   C       9        1218       101
   K      18        1233       102
   T       9        1233       102
   W       8        1257       104
   K      26        1257       104
   A       9        1258       104
   G       9        1258       104
   C      12        1269       105
   T      18        1269       105
   S       8        1280       106
   K      27        1281       106
   C       9        1280       106
   T       9        1281       106
   R      24        1294       107
   G       9        1295       107
   S       8        1307       108
   C       9        1308       108
   S       7        1318       109
   A       9        1318       109
   C       9        1318       109
   G      14        1319       109
   S      16        1330       110
   G       9        1331       110
   W       7        1339       111
   C      14        1343       111
   T       9        1337       111
   A      12        1340       111
   Y       6        1357       112
   G       9        1352       112
   T       7        1360       112
   C      28        1354       112
   T      14        1390       115
   G      14        1388       115
   C       9        1402       116
   T      12        1401       116
   K      19        1413       117
   T       9        1414       117
   A      14        1426       118
   W       9        1425       118
   G       9        1427       118
   T       9        1424       118
   M      12        1437       119
   C       9        1435       119
   G      13        1437       119
   A      18        1440       119
   C       9        1449       120
   G      14        1450       120
   M      18        1460       121
   A       9        1460       121
   W       7        1470       122
   C      12        1472       122
   T       9        1469       122
   A      13        1472       122
   R       8        1483       123
   S       8        1483       123
   A       9        1482       123
   C       9        1483       123
   G      14        1496       124
   T       9        1495       124
   T      28        1508       125
   G       9        1507       125
   T       9        1521       126
   C      14        1520       126
   R       7        1529       127
   G       9        1528       127
   T      12        1534       127
   A      13        1531       127
   R       8        1544       128
   K      26        1545       128
   A       9        1543       128
   T      12        1545       128
   M       7        1554       129
   C       9        1552       129
   T       9        1558       129
   A      14        1556       129
   W      11        1568       130
   K      19        1568       130
   A       9        1569       130
   G       9        1570       130
   W       8        1592       132
   Y      21        1592       132
   A       9        1593       132
   C       9        1593       132
   R       8        1604       133
   A       9        1605       133
   T      28        1616       134
   C       9        1617       134
   R       8        1628       135
   S      13        1628       135
   A       9        1628       135
   C       9        1628       135
   Y      20        1640       136
   C       9        1639       136
   C      12        1651       137
   T      20        1653       137
   T      30        1676       139
   K      11        1677       139
   C       9        1676       139
   G       9        1678       139
   M       8        1686       140
   C       9        1686       140
   T      12        1690       140
   A      18        1686       140
   S      13        1699       141
   C       9        1697       141
   M      13        1710       142
   W      25        1713       142
   C       9        1709       142
   T       9        1714       142
   M       8        1722       143
   R      13        1724       143
   C       9        1722       143
   G       9        1726       143
   R       8        1735       144
   G       9        1737       144
   R      11        1747       145
   A       9        1748       145
   C      18        1749       145
   G      13        1746       145
   W       8        1757       146
   T       9        1756       146
   R      27        1769       147
   W       8        1768       147
   G      14        1770       147
   T       9        1768       147
   Y      12        1782       148
   T       9        1785       148
   M       8        1791       149
   W       8        1791       149
   C       9        1793       149
   T       9        1793       149
   M      10        1803       150
   R       7        1798       150
   C       9        1807       150
   G       9        1797       150
   T       9        1808       150
   W      10        1800       150
   R      12        1817       151
   A      11        1820       151
   C      16        1819       151
   G      12        1815       151
   C       9        1831       152
   A       9        1827       152
   M      14        1841       153
   C       9        1843       153
   C       9        1854       154
   T      14        1848       154
   K      26        1860       155
   T       9        1859       155
   Y      14        1870       156
   T       9        1868       156
   Y      20        1883       157
   K       8        1886       157
   C       9        1882       157
   G       9        1887       157
   Y      12        1907       159
   K       8        1907       159
   C       9        1905       159
   G       9        1905       159
   R      19        1921       160
   K      20        1925       160
   A       9        1919       160
   T       9        1928       160
   R      13        1938       161
   S       8        1936       161
   K      12        1938       161
   A       9        1941       161
   C       9        1937       161
   T       9        1941       161
   K       9        1955       163
   T       7        1954       163
   R       7        1972       164
   S       9        1975       164
   K      14        1969       164
   A       9        1971       164
   C       9        1978       164
   T       9        1966       164
   W      13        1987       165
   T       7        1989       165
   M      11        2004       167
   C       9        2003       167
   G      12        2004       167
   A      14        2005       167
   R       7        2017       168
   K       9        2015       168
   A       9        2018       168
   T       9        2013       168
   A      25        2028       169
   G       9        2027       169
   M       8        2040       170
   A       9        2039       170
   G       9        2040       170
   C      20        2040       170
   R      13        2052       171
   W       8        2054       171
   G       9        2052       171
   T       9        2056       171
   R       8        2063       172
   A       9        2063       172
   M      13        2078       173
   R      24        2076       173
   C       9        2078       173
   G       9        2075       173
   G      24        2088       174
   A      12        2089       174
   S      26        2098       175
   C       9        2097       175
   A       9        2109       176
   G      14        2112       176
   S      13        2123       177
   K      13        2122       177
   C       9        2121       177
   T       9        2120       177
   M       8        2134       178
   Y      14        2140       178
   A       9        2132       178
   T       9        2133       178
   M       7        2150       179
   W      10        2153       179
   C       9        2151       179
   T       9        2156       179
   S       8        2162       180
   R      11        2164       180
   C       9        2164       180
   G       9        2161       180
   M       7        2173       181
   W      11        2177       181
   C       9        2173       181
   T       7        2180       181
   R      12        2185       182
   G       9        2186       182
   R      13        2196       183
   W      13        2200       183
   G       9        2194       183
   T       9        2202       183
   M      10        2214       184
   R      14        2213       184
   C       7        2217       184
   G       9        2216       184
   W       8        2222       185
   T       9        2223       185
   S      15        2230       186
   G       9        2229       186
   W       6        2255       188
   T       9        2257       188
   M       8        2265       189
   C       9        2266       189
   G       9        2266       189
   A      13        2265       189
   K       6        2278       190
   A       9        2276       190
   T       9        2280       190
   G       9        2277       190
   S      14        2292       191
   C       9        2295       191
   S      14        2303       192
   C       9        2306       192
   M       7        2317       193
   C       9        2318       193
   G      12        2313       193
   A      14        2315       193
   K      11        2325       194
   G      13        2325       194
   A      13        2338       195
   G      12        2338       195
   G      13        2361       197
   C      14        2361       197
   W      26        2372       198
   K      21        2375       198
   A       9        2372       198
   G       9        2378       198
   S      11        2385       199
   Y      11        2388       199
   G       9        2385       199
   T       9        2390       199
   R      22        2397       200
   A       9        2396       200
   R      13        2410       201
   W      18        2413       201
   G       9        2409       201
   T       9        2414       201
   R      13        2422       202
   A       9        2423       202
   R       6        2437       203
   G       7        2439       203
   W      24        2446       204
   K       6        2448       204
   A      12        2447       204
   G       7        2452       204
   W      24        2458       205
   K       6        2460       205
   A      12        2459       205
   G       7        2464       205
   Y       6        2472       206
   C       7        2475       206
   Y       8        2495       208
   K       8        2495       208
   A      12        2494       208
   C       9        2498       208
   G       9        2498       208
   T      18        2492       208
   W      28        2504       209
   A      12        2504       209
   M      12        2518       210
   R      19        2515       210
   C       9        2522       210
   G       9        2516       210
   C       9        2552       213
   A       9        2553       213
   A      18        2563       214
   G      13        2565       214
   S       8        2579       215
   A       9        2575       215
   G       7        2582       215
   C      13        2576       215
   S      13        2596       217
   A       9        2599       217
   G       9        2594       217
   C      20        2597       217
   R      11        2608       218
   G       9        2606       218
   M      29        2621       219
   A       9        2621       219
   R       8        2631       220
   G       9        2630       220
   R      13        2643       221
   G       9        2642       221
   Y       8        2654       222
   A      14        2656       222
   C       9        2653       222
   T      14        2656       222
   W      21        2678       224
   A       9        2678       224
   T      13        2691       225
   A      14        2691       225
   K      12        2702       226
   A      14        2703       226
   G      14        2702       226
   T      18        2702       226
   Y       9        2713       227
   A      13        2718       227
   C       9        2711       227
   T      14        2714       227
   A      12        2762       231
   T      28        2760       231
   W      24        2773       232
   A       9        2773       232
   T      25        2797       234
   G       9        2798       234
   G      12        2811       235
   T      28        2809       235
   G      12        2822       236
   T      18        2822       236
   G      12        2836       237
   C      18        2834       237
   Y      13        2846       238
   A      12        2845       238
   C      14        2846       238
   T      25        2846       238
   S      30        2858       239
   G       9        2858       239
   Y      11        2879       241
   K      27        2882       241
   C       9        2878       241
   G       9        2882       241
   A      12        2928       245
   T      28        2928       245
   W      27        2951       247
   T       9        2950       247
   W      16        2963       248
   T       9        2962       248
   S      13        2975       249
   A      12        2976       249
   G      14        2975       249
   C      28        2975       249
   S      13        2987       250
   A      12        2988       250
   G      14        2988       250
   C      28        2987       250
   M      17        2999       251
   A       9        2999       251
   M      30        3010       252
   A       9        3010       252
   W      18        3034       254
   T      14        3033       254
   M       8        3070       257
   C       9        3070       257
   G      12        3070       257
   A      14        3070       257
   K       7        3082       258
   A       9        3082       258
   T       9        3083       258
   G      12        3082       258
   G       9        3095       259
   A      14        3094       259
   S       7        3107       260
   G      14        3105       260
   C       9        3108       260
   T       9        3104       260
   G      14        3118       261
   A      14        3118       261
   R      27        3140       263
   S      11        3142       263
   A      12        3140       263
   C       9        3144       263
   W      26        3152       264
   A       9        3152       264
   M      27        3164       265
   S       8        3166       265
   A       9        3165       265
   G       9        3168       265
   T      28        3199       268
   A      12        3199       268
   C      12        3210       269
   T      14        3213       269
   T      30        3236       271
   A      12        3236       271
   C      13        3248       272
   T      18        3249       272
   C      28        3260       273
   A      12        3261       273
   T      12        3285       275
   C      18        3285       275
   G      13        3296       276
   C      13        3296       276
   T      13        3308       277
   G      18        3310       277
   T      25        3334       279
   G      12        3334       279
   T      13        3358       281
   A      13        3359       281
   S      20        3371       282
   C       9        3372       282
   R      28        3395       284
   W      13        3395       284
   G      12        3394       284
   T      14        3396       284
   M       8        3407       285
   R      21        3406       285
   C       9        3408       285
   G       9        3406       285
   R      23        3430       287
   W      13        3430       287
   G      12        3431       287
   T      14        3431       287
   R      17        3442       288
   G       9        3442       288
   A       9        3455       289
   C      12        3453       289
   R      24        3465       290
   W      17        3466       290
   G      12        3466       290
   T      11        3468       290
   A       9        3477       291
   C      13        3477       291
   A      13        3489       292
   G      18        3488       292
   G       9        3525       295
   A       9        3525       295
   R      11        3562       298
   K       8        3562       298
   A      12        3563       298
   T      11        3563       298
   R      11        3574       299
   A      12        3574       299
   G      12        3598       301
   A      14        3598       301
   M      11        3609       302
   A       9        3609       302
   K      18        3621       303
   G      12        3621       303
   S      11        3633       304
   G      12        3633       304
   K      15        3646       305
   T      13        3646       305
   G      13        3658       306
   A      18        3659       306
   S      21        3694       309
   Y       8        3696       309
   G       9        3695       309
   T       9        3699       309
   M      11        3708       310
   C       9        3710       310
   M      11        3719       311
   S      26        3718       311
   A       9        3719       311
   G       9        3717       311
   M      24        3730       312
   A       9        3730       312
   M      10        3743       313
   C      11        3745       313
   G      13        3741       313
   A      18        3742       313
   S      17        3753       314
   G       9        3753       314
   A       9        3766       315
   T      18        3766       315
   R      26        3777       316
   W      23        3780       316
   G       9        3777       316
   T       9        3782       316
   Y      11        3791       317
   A       9        3789       317
   C       9        3793       317
   T      18        3790       317
   M      12        3804       318
   C       9        3806       318
   W      13        3827       320
   G      12        3825       320
   T       9        3830       320
   A      18        3825       320
   G       9        3873       324
   A      20        3874       324
   G      12        3896       326
   A      14        3898       326
   R      11        3908       327
   S       7        3911       327
   A       9        3908       327
   C       9        3914       327
   R      12        3921       328
   G       9        3921       328
   K      11        3931       329
   T       9        3930       329
   R      11        3944       330
   G      12        3944       330
   A      14        3955       331
   T      12        3954       331
   C      14        3966       332
   G      14        3967       332
   A      28        3980       333
   G       9        3980       333
   C      12        3990       334
   T      18        3991       334
   S      26        4003       335
   G       9        4003       335
   G      12        4028       337
   C      18        4027       337
   W      34        4041       338
   T       9        4040       338
   G      12        4066       340
   A      12        4065       340
   A      12        4091       342
   G      12        4090       342
   S      11        4105       343
   A      12        4102       343
   C       9        4107       343
   G      18        4103       343
   A      12        4127       345
   C      28        4124       345
   A      12        4147       347
   C      28        4148       347
   T      28        4170       349
   A       9        4171       349
   A       9        4195       351
   T      14        4194       351
   A      28        4206       352
   G       9        4206       352
   S      31        4230       354
   G       9        4231       354
   C      13        4254       356
   T      18        4253       356
   W      30        4266       357
   A       9        4266       357
   C      14        4278       358
   T      14        4277       358
   W      24        4290       359
   A       9        4289       359
   S      13        4302       360
   G       9        4302       360
   W      21        4314       361
   A       9        4313       361
   R      26        4326       362
   G       9        4326       362
   W      24        4338       363
   A       9        4339       363
   R      26        4350       364
   G      12        4350       364
   W      29        4362       365
   A       9        4363       365
   R      26        4374       366
   G      12        4375       366
   K      13        4386       367
   G       9        4387       367
   A      12        4398       368
   G      20        4399       368
   S      12        4410       369
   G       9        4411       369
   R      28        4422       370
   A       9        4422       370
   S      24        4434       371
   G       9        4435       371
   G      12        4458       373
   A      28        4460       373
   A      12        4483       375
   G      14        4483       375
   C      25        4506       377
   G       9        4506       377
   T      14        4528       379
   C      14        4529       379
   W      26        4540       380
   A       9        4540       380
   G      14        4553       381
   T      14        4553       381
   T      30        4566       382
   G       9        4567       382
   C      14        4579       383
   G      14        4578       383
   G      12        4590       384
   C      14        4592       384
   Y      11        4603       385
   T      13        4604       385
   M      11        4616       386
   A      12        4616       386
   K      16        4627       387
   G       9        4627       387
   S      26        4651       389
   G       9        4651       389
   A       9        4675       391
   C      12        4675       391
   A      14        4687       392
   G      14        4686       392
   A       9        4699       393
   M      11        4698       393
   K      11        4711       394
   G       9        4710       394
   T       9        4724       395
   C      13        4722       395
   T      12        4736       396
   A      14        4735       396
   A      12        4770       399
   T      18        4770       399
   M      15        4782       400
   A      12        4783       400
   W      15        4794       401
   A      12        4794       401
   G      14        4880       408
   C      14        4881       408
   T      12        4893       409
   C      18        4893       409
   T      13        4906       410
   G      14        4905       410
   T      14        4929       412
   C      14        4929       412
   A       9        4951       414
   C      28        4953       414
   C      32        4964       415
   G       9        4963       415
   G      12        4989       417
   A      20        4988       417
   T      20        5011       419
   A       9        5013       419
   T      14        5035       421
   C      14        5034       421
   S      26        5058       423
   G       9        5058       423
   R      27        5070       424
   A       9        5069       424
   G      12        5107       427
   A      13        5110       427
   R      13        5121       428
   A      12        5122       428
   A      14        5133       429
   T      12        5132       429
   K      21        5156       431
   G       9        5156       431
   A      12        5168       432
   C      18        5169       432
   S      13        5181       433
   G       9        5181       433
   M      26        5193       434
   A       9        5193       434
   T      13        5204       435
   C      18        5206       435
   R      25        5216       436
   A       9        5217       436
   T      12        5229       437
   C      14        5229       437
   K      19        5242       438
   T      12        5243       438
   C      14        5254       439
   T      12        5255       439
   T      18        5266       440
   A      14        5266       440
   C      14        5277       441
   T      14        5279       441
   S      27        5301       443
   G       9        5301       443
   S      30        5325       445
   G       9        5325       445
   S      30        5349       447
   G       9        5349       447
   G      12        5386       450
   A      13        5385       450
   S       7        5420       453
   C       9        5423       453
   G      12        5418       453
   R      16        5431       454
   A      12        5432       454
   S      14        5441       455
   G       9        5442       455
   G       9        5498       459
   A      28        5500       459
