# CHROMAT_FILE: F10_24PB0712_FUK2_R_012.scf
# SOFTWARE_VERSION: TT_3.0.4beta
# NUM_ABC: 131
# NUM_SUBSTITUTIONS: 131
# NUM_DELETIONS: 0
# base2   qv2       pos2       ind2
   W       7          93        12
   A       7          95        12
   M       6         138        18
   Y       6         137        18
   A       9         141        18
   T       9         139        18
   W       6         152        19
   A       9         152        19
   M       6         174        21
   Y       6         171        21
   A       9         174        21
   T       9         168        21
   W       4         180        22
   T       7         180        22
   C       7         191        23
   M       9         190        23
   R       9         198        24
   G       7         198        24
   W       4         210        26
   A       7         208        26
   R      10         227        28
   G       9         227        28
   M       6         239        29
   A       9         240        29
   M       6         248        30
   A       9         249        30
   W      11         314        35
   Y      19         317        35
   A       9         313        35
   C       9         320        35
   S      13         326        36
   G      11         324        36
   C       9         383        40
   M      10         384        40
   S      14         392        41
   C       9         394        41
   M      12         404        42
   C       9         404        42
   M      14         438        45
   A       9         440        45
   S      11         882        82
   C       9         884        82
   A       9         909        84
   G      18         907        84
   R      11         956        88
   A       9         949        88
   G      18         954        88
   M      17         988        91
   A       9         987        91
   M      21        1311       118
   A       9        1312       118
   K      13        1383       124
   T       9        1383       124
   Y      13        1399       125
   T       9        1392       125
   R      12        1407       126
   K      13        1408       126
   A       9        1408       126
   T       9        1410       126
   S      12        1431       128
   G       9        1431       128
   M      18        1445       129
   A       9        1448       129
   R      17        1456       130
   A       9        1458       130
   R      20        1513       135
   A       9        1512       135
   R      20        1526       136
   A       9        1525       136
   M      15        2220       194
   A       9        2224       194
   G       9        2444       213
   A      28        2444       213
   K      20        5436       463
   G       9        5438       463
   R      27        5567       474
   A       9        5567       474
   R      25        5650       481
   A       9        5648       481
   R      32        5761       490
   G       9        5760       490
   Y      21        5808       494
   T       9        5806       494
   R      21        5834       496
   A       9        5832       496
   Y      12        5852       497
   T       7        5856       497
   R      20        5871       499
   A       9        5870       499
   S      13        5886       500
   G       9        5888       500
   M      11        5910       502
   S      29        5910       502
   A       9        5911       502
   G       9        5910       502
   G       9        5923       503
   C      32        5922       503
   K      17        5983       508
   G       9        5983       508
   S      26        5996       509
   Y      12        5995       509
   G       9        5998       509
   T       9        5996       509
   W      12        6020       511
   Y      12        6021       511
   A       9        6022       511
   C       9        6024       511
   K      18        6046       513
   T       9        6049       513
   K       8        6056       514
   T       9        6057       514
   C       9        6067       515
   G      21        6065       515
   K      28        6078       516
   T       9        6076       516
   M       8        6116       519
   C      31        6117       519
   A       9        6117       519
   G       9        6118       519
   T      12        6127       520
   G      14        6130       520
   G      12        6143       521
   C      14        6139       521
   M      26        6153       522
   S       8        6153       522
   A       9        6148       522
   G       9        6155       522
   W       8        6165       523
   A       9        6166       523
   W      12        6176       524
   A       9        6176       524
