# CHROMAT_FILE: G05_LX14_26_UKB2_LX14_R_013.scf
# SOFTWARE_VERSION: TT_3.0.4beta
# NUM_ABC: 592
# NUM_SUBSTITUTIONS: 592
# NUM_DELETIONS: 0
# base2   qv2       pos2       ind2
   A      11         308        26
   C      17         308        26
   R      12         483        40
   A       7         487        40
   R      31         691        58
   G      14         692        58
   C      14         794        67
   T      18         794        67
   W      18         805        68
   Y      10         806        68
   A       9         803        68
   C      11         805        68
   M      10         829        70
   A       9         830        70
   C      13         841        71
   T       9         840        71
   A       9         852        72
   C       9         854        72
   A      20         864        73
   G      12         865        73
   A       9         891        75
   C      13         888        75
   K      15         901        76
   G       9         902        76
   S       6         924        78
   G       9         925        78
   T       9         968        81
   G       9         961        81
   C       9         984        82
   A       9         975        82
   W      11         992        83
   A       9         994        83
   G      18        1005        84
   S      10        1004        84
   A       9        1005        84
   C      11        1003        84
   K      10        1028        86
   C      13        1029        86
   G      14        1029        86
   T      14        1028        86
   T      28        1051        88
   A      12        1052        88
   G      14        1065        89
   A      14        1063        89
   R      26        1077        90
   G       9        1076        90
   C       9        1089        91
   A      20        1089        91
   M      26        1099        92
   A       9        1100        92
   W      19        1110        93
   A       9        1111        93
   S      12        1134        95
   G       9        1135        95
   A      14        1147        96
   C      12        1146        96
   T      14        1159        97
   C      14        1159        97
   T      12        1171        98
   C      14        1172        98
   S      11        1194       100
   G       9        1194       100
   Y      15        1207       101
   C      13        1206       101
   G      18        1219       102
   T       9        1219       102
   C      12        1232       103
   G      14        1234       103
   T      32        1244       104
   A       9        1243       104
   T      13        1268       106
   A      18        1272       106
   G      24        1281       107
   A       9        1282       107
   C      13        1292       108
   G      18        1294       108
   A      12        1331       111
   G      14        1331       111
   R      17        1343       112
   A       9        1342       112
   Y      21        1354       113
   C      12        1352       113
   K      21        1367       114
   T       9        1365       114
   G      12        1378       115
   A      12        1381       115
   T      13        1391       116
   G      14        1391       116
   R      11        1403       117
   A      12        1403       117
   W      11        1415       118
   A      12        1414       118
   G      14        1426       119
   T      12        1425       119
   C      12        1437       120
   A      14        1442       120
   A      13        1463       122
   G      18        1464       122
   A      13        1489       124
   T      18        1485       124
   S       9        1499       125
   G       9        1500       125
   W      17        1511       126
   T       9        1510       126
   K      11        1523       127
   G      12        1524       127
   R      11        1536       128
   G      12        1535       128
   G       9        1560       130
   A      18        1559       130
   A      12        1582       132
   T      14        1583       132
   G       9        1595       133
   T      14        1592       133
   A      12        1608       134
   C       9        1604       134
   M      18        1618       135
   A       9        1620       135
   R       9        1640       137
   G       9        1639       137
   K       9        1652       138
   T       9        1652       138
   T      14        1665       139
   C      14        1665       139
   C      12        1676       140
   T      14        1677       140
   T      28        1688       141
   A      12        1687       141
   K      32        1701       142
   G       9        1700       142
   T      12        1725       144
   C      14        1726       144
   T      13        1762       147
   C      18        1762       147
   R      11        1774       148
   A       9        1772       148
   C      25        1785       149
   T      12        1785       149
   A      13        1808       151
   T      18        1811       151
   A       9        1820       152
   C      28        1823       152
   T      33        1832       153
   A       9        1833       153
   T      12        1857       155
   C      14        1856       155
   A       9        1880       157
   C      20        1878       157
   C      14        1891       158
   T      13        1891       158
   T      26        1902       159
   A       9        1901       159
   T      13        1914       160
   C      14        1917       160
   C      25        1927       161
   A      12        1927       161
   A      12        1949       163
   C      14        1950       163
   R       9        1961       164
   G       9        1962       164
   A      12        1974       165
   T       9        1974       165
   S      24        1986       166
   G       9        1986       166
   C       9        1999       167
   A      14        2000       167
   M      19        2010       168
   A       9        2010       168
   S      19        2022       169
   G       9        2023       169
   A      14        2045       171
   G      18        2047       171
   T       9        2068       173
   C       9        2070       173
   C      14        2082       174
   A      14        2080       174
   W      24        2104       176
   A      12        2105       176
   T      18        2116       177
   A      12        2117       177
   A      13        2128       178
   T      18        2128       178
   T      14        2163       181
   A      14        2163       181
   G       9        2175       182
   T      29        2176       182
   A      28        2235       187
   G      12        2236       187
   C       9        2244       188
   A      12        2249       188
   A      12        2294       192
   T      18        2290       192
   C      14        2304       193
   A      14        2303       193
   T      29        2314       194
   A      12        2315       194
   R      20        2339       196
   G       9        2338       196
   T       9        2350       197
   A      12        2352       197
   W      11        2362       198
   A      12        2363       198
   W       9        2373       199
   T      12        2373       199
   G      14        2387       200
   A      14        2385       200
   A       9        2411       202
   T       9        2410       202
   T      12        2422       203
   A      12        2422       203
   G       9        2434       204
   A      18        2434       204
   G       9        2447       205
   A      14        2447       205
   R      11        2459       206
   A       9        2459       206
   Y       9        2470       207
   C      12        2470       207
   A      14        2483       208
   T      14        2482       208
   R      18        2494       209
   G       9        2495       209
   T      12        2505       210
   A      18        2508       210
   C      12        2530       212
   T      18        2529       212
   A      13        2554       214
   T      14        2554       214
   A      12        2578       216
   C      14        2578       216
   Y      11        2590       217
   C      13        2590       217
   Y      11        2602       218
   C      13        2602       218
   T      14        2614       219
   C      13        2613       219
   C      14        2625       220
   T      14        2627       220
   M      24        2637       221
   A       9        2636       221
   C      28        2649       222
   A      12        2648       222
   C      13        2662       223
   T      13        2660       223
   A       9        2683       225
   C       9        2685       225
   G       9        2695       226
   A      17        2696       226
   T      13        2720       228
   A      13        2720       228
   T       9        2731       229
   C      13        2732       229
   A       9        2743       230
   C      18        2743       230
   R      32        2755       231
   G       9        2756       231
   T       9        2765       232
   A      12        2768       232
   A      12        2780       233
   C      14        2777       233
   A      12        2790       234
   T      25        2791       234
   T      12        2801       235
   C      18        2802       235
   K      20        2884       242
   G       9        2884       242
   C      12        2897       243
   G      13        2897       243
   W      18        2909       244
   A       9        2909       244
   W      19        2920       245
   T       9        2920       245
   A       9        2932       246
   C       9        2932       246
   R      20        2944       247
   G       9        2945       247
   A       9        2954       248
   G      12        2957       248
   M      11        2980       250
   A       9        2981       250
   Y      15        2992       251
   T      12        2992       251
   W      12        3004       252
   A       9        3003       252
   T      14        3016       253
   A      12        3015       253
   T      12        3027       254
   C      14        3029       254
   A       9        3039       255
   C      14        3040       255
   T      13        3052       256
   C      13        3051       256
   Y      11        3063       257
   C      12        3063       257
   W      15        3075       258
   A      12        3073       258
   C      14        3087       259
   A       9        3085       259
   G      13        3097       260
   A      14        3100       260
   C       9        3111       261
   T      13        3110       261
   C      14        3123       262
   A      14        3122       262
   K      24        3157       265
   G       9        3158       265
   A      13        3182       267
   T      14        3181       267
   G      18        3194       268
   A      12        3194       268
   A      13        3205       269
   T      18        3205       269
   A      13        3218       270
   T      14        3216       270
   W      11        3240       272
   A      13        3239       272
   G      14        3253       273
   A      13        3251       273
   A      12        3263       274
   T      14        3266       274
   A      13        3277       275
   T      14        3275       275
   T      13        3288       276
   A      18        3287       276
   A      28        3311       278
   G       9        3311       278
   A       9        3323       279
   C      14        3323       279
   A      12        3335       280
   T      14        3335       280
   M      11        3346       281
   A      13        3346       281
   W      15        3358       282
   A      13        3358       282
   R      20        3371       283
   G       9        3371       283
   T      12        3382       284
   C      18        3383       284
   A       9        3395       285
   T      30        3395       285
   T      14        3432       288
   A      14        3430       288
   G      14        3456       290
   T      14        3455       290
   T      12        3468       291
   C      18        3467       291
   A      28        3480       292
   T      12        3480       292
   A      13        3514       295
   G      12        3517       295
   T      14        3529       296
   C      14        3525       296
   A      13        3540       297
   C      14        3538       297
   T      28        3550       298
   A      12        3549       298
   A      12        3560       299
   T      18        3563       299
   G      12        3585       301
   C      28        3585       301
   A      12        3633       305
   G      18        3632       305
   T      12        3657       307
   C      14        3657       307
   C      28        3680       309
   A      12        3681       309
   A      13        3691       310
   G      14        3692       310
   G      14        3717       312
   T       9        3717       312
   A      14        3729       313
   T      14        3729       313
   C      12        3740       314
   G      18        3741       314
   G       9        3764       316
   C      28        3765       316
   T      12        3778       317
   G      18        3776       317
   T      14        3789       318
   A      14        3789       318
   G      13        3801       319
   C      14        3800       319
   C      12        3812       320
   A      18        3814       320
   S      32        3861       324
   G       9        3861       324
   C      13        3873       325
   T      18        3874       325
   T      13        3887       326
   C      13        3886       326
   T       9        3898       327
   C      18        3898       327
   G      12        3922       329
   A      28        3921       329
   T      12        3934       330
   A       9        3932       330
   T      14        3947       331
   A       9        3944       331
   A      12        3992       335
   C      14        3990       335
   M      15        4003       336
   A      12        4004       336
   M      11        4015       337
   A      12        4014       337
   M      11        4026       338
   A      12        4026       338
   W      11        4038       339
   A      12        4038       339
   T      14        4051       340
   C       9        4050       340
   C      12        4063       341
   T      14        4064       341
   C      28        4075       342
   A       9        4074       342
   T      13        4088       343
   C      18        4086       343
   T      13        4099       344
   C      14        4100       344
   A      12        4111       345
   T      18        4111       345
   K      20        4123       346
   G       9        4123       346
   C       9        4136       347
   G      14        4135       347
   C      28        4148       348
   T       9        4148       348
   T      14        4160       349
   C      18        4160       349
   W      24        4171       350
   A      12        4171       350
   S      17        4183       351
   G       9        4182       351
   K      24        4195       352
   T       9        4196       352
   A      13        4218       354
   T      18        4220       354
   C      12        4243       356
   G      14        4242       356
   C      14        4268       358
   G      14        4267       358
   W      24        4279       359
   A      12        4279       359
   K      26        4291       360
   T       9        4291       360
   T      12        4303       361
   G      14        4303       361
   T      14        4315       362
   A      18        4314       362
   T      12        4339       364
   C      14        4338       364
   T      12        4351       365
   G      14        4351       365
   A      12        4362       366
   T      30        4363       366
   A      13        4435       372
   C      14        4434       372
   S      32        4446       373
   G       9        4447       373
   T      12        4458       374
   C      18        4459       374
   A       9        4483       376
   G      14        4483       376
   T      14        4496       377
   C      14        4494       377
   A      13        4519       379
   T      18        4518       379
   G      14        4543       381
   A      12        4542       381
   C      14        4568       383
   G      14        4566       383
   W      17        4578       384
   A       9        4579       384
   K      24        4590       385
   T      12        4590       385
   T      14        4603       386
   A      14        4602       386
   A      18        4639       389
   T      12        4638       389
   T      12        4650       390
   G      14        4651       390
   T      12        4675       392
   C      14        4675       392
   K      12        4687       393
   T      12        4687       393
   A      14        4700       394
   T      12        4700       394
   T      12        4711       395
   G      14        4712       395
   A      12        4725       396
   T      14        4723       396
   C      14        4736       397
   A       9        4737       397
   A      14        4747       398
   T       9        4747       398
   A      12        4760       399
   T      12        4760       399
   S      11        4771       400
   G      12        4772       400
   W      11        4783       401
   T      12        4782       401
   R      12        4796       402
   A       9        4797       402
   R      11        4808       403
   A      12        4808       403
   R      11        4820       404
   A      13        4820       404
   A      13        4832       405
   C      12        4830       405
   T      13        4843       406
   C      14        4844       406
   G      12        4869       408
   T      18        4869       408
   T      12        4893       410
   A      14        4894       410
   C      13        4905       411
   A      18        4905       411
   T      28        4916       412
   G      12        4917       412
   T      12        4941       414
   G      14        4941       414
   Y      11        4953       415
   T      13        4953       415
   M      11        4965       416
   A      13        4965       416
   W      19        4976       417
   A      12        4976       417
   G      13        5013       420
   C      12        5013       420
   G      12        5026       421
   C      18        5026       421
   G      28        5037       422
   A       9        5036       422
   T      12        5048       423
   G      14        5051       423
   G      14        5064       424
   T      12        5061       424
   T      13        5075       425
   G      13        5074       425
   K      21        5086       426
   G      12        5086       426
   G      14        5124       429
   C      12        5124       429
   C      13        5136       430
   T      13        5136       430
   W      11        5147       431
   A      12        5147       431
   K      11        5159       432
   T      12        5159       432
   K      11        5172       433
   G      12        5172       433
   Y       9        5184       434
   C      12        5184       434
   A      12        5196       435
   C      14        5196       435
   W      11        5207       436
   A       9        5208       436
   G      14        5219       437
   T      13        5219       437
   T      12        5232       438
   C      12        5231       438
   A      14        5256       440
   G      18        5257       440
   T      12        5267       441
   A      14        5269       441
   C      14        5281       442
   G      14        5280       442
   C      25        5292       443
   A       9        5292       443
   C      13        5328       446
   A      14        5329       446
   G       9        5374       450
   C      13        5374       450
   Y       6        5388       451
   T       9        5392       451
   M       6        5396       452
   C       9        5394       452
   Y       6        5413       453
   C       9        5415       453
   Y       6        5422       454
   C       9        5424       454
   M       6        5445       456
   A       9        5445       456
   T       9        5454       456
   C       9        5445       456
   S       6        5459       457
   G       9        5456       457
   W       6        5474       458
   A       9        5477       458
   M       6        5486       459
   A       9        5485       459
   A       9        5599       468
   G      11        5592       468
