# CHROMAT_FILE: G09_24HS1554_LX24_RD_013.ab1
# SOFTWARE_VERSION: TT_3.0.4beta
# NUM_ABC: 98
# NUM_SUBSTITUTIONS: 98
# NUM_DELETIONS: 0
# base2   qv2       pos2       ind2
   R       6          86         8
   A       7          80         8
   S       4         186        18
   G       7         184        18
   R       4         201        19
   G       7         203        19
   S       6         209        20
   G       9         211        20
   G       9         232        22
   A       9         232        22
   G      12         286        26
   A      18         280        26
   S      10         297        27
   C      11         299        27
   S       8         325        29
   G       9         324        29
   W       8         352        31
   A       9         354        31
   M       6         377        33
   A       9         376        33
   K       7         388        34
   T       9         387        34
   M      10         395        35
   C       7         394        35
   M       6         448        39
   R       6         453        39
   C       9         447        39
   G       9         457        39
   S       6         460        40
   C       9         458        40
   W      17         545        47
   T       9         545        47
   M      20         556        48
   Y      11         559        48
   A       9         556        48
   T       9         562        48
   M      21         580        50
   C       9         583        50
   M      29         603        52
   A       9         602        52
   W      15         654        56
   T       9         658        56
   A      12         664        57
   G      28         664        57
   M      27         827        70
   A       9         827        70
   Y      21         838        71
   T       9         839        71
   K       8        1190       100
   T       9        1193       100
   M      23        1214       102
   A       9        1215       102
   R      13        1366       115
   A       9        1365       115
   S      19        1443       121
   K       8        1444       121
   C       9        1444       121
   T       9        1447       121
   Y      12        1469       123
   T       9        1472       123
   Y      13        1492       125
   T       7        1496       125
   R      30        1576       132
   A       9        1578       132
   R      14        2855       239
   G       9        2858       239
   R      28        4037       339
   A       9        4035       339
   R      31        4409       370
   A      11        4409       370
   K      23        4834       405
   G      14        4834       405
   S      19        4844       406
   G      11        4843       406
   S      30        4918       412
   G       9        4917       412
   S      23        5318       445
   G      14        5318       445
   S      17        5633       471
   C      14        5633       471
   G      12        5758       481
   T      23        5756       481
   M      21        5770       482
   A      11        5774       482
   T       9        5779       483
   G      13        5783       483
   G      14        5817       486
   T      14        5820       486
   W      17        5845       488
   T       9        5847       488
   A       9        5859       489
   T       9        5854       489
   A       9        5868       490
   T      28        5867       490
   W      18        5880       491
   A      11        5881       491
   M      15        5891       492
   A       9        5892       492
