# CHROMAT_FILE: G10_HX9_AD_HX9_R_014.scf
# SOFTWARE_VERSION: TT_3.0.4beta
# NUM_ABC: 818
# NUM_SUBSTITUTIONS: 818
# NUM_DELETIONS: 0
# base2   qv2       pos2       ind2
   S       7           9         1
   G       9          10         1
   M       6          19         2
   S       6          19         2
   Y       6          18         2
   A       9          19         2
   G       9          20         2
   T       9          17         2
   M       7          30         3
   S       7          31         3
   A       9          28         3
   G       9          30         3
   Y       6          44         4
   T       9          43         4
   C       9          65         6
   T       9          65         6
   W       6          74         7
   A       9          76         7
   W       6          86         8
   K       6          86         8
   A       9          86         8
   G       9          85         8
   W       6          95         9
   Y       6          94         9
   A       9          96         9
   C       9          95         9
   Y       6         107        10
   C       9         108        10
   W       6         112        11
   A       9         112        11
   M       6         125        12
   W       6         126        12
   C       9         124        12
   T       9         125        12
   M       7         135        13
   W      13         134        13
   C       9         137        13
   T       9         135        13
   M       6         149        14
   S       8         145        14
   A       7         153        14
   G       9         145        14
   W      10         159        15
   K      10         158        15
   A       9         161        15
   G       9         158        15
   R       8         174        16
   A       9         171        16
   K       6         186        17
   A       9         187        17
   T       9         188        17
   G       9         185        17
   C       9         208        19
   A      13         205        19
   R       6         218        20
   K       6         221        20
   A       9         218        20
   T       9         224        20
   R       8         242        22
   G       9         245        22
   R       6         252        23
   A       9         252        23
   R       9         265        24
   K       6         266        24
   A       9         270        24
   T       7         265        24
   R      11         285        25
   A       9         286        25
   W       7         348        30
   T       9         349        30
   M       6         366        31
   R      13         362        31
   C       7         369        31
   G      13         361        31
   K      12         398        34
   G       9         399        34
   M      10         432        37
   C      11         436        37
   A       9         444        38
   G       9         443        38
   W      21         452        39
   A      11         453        39
   R       9         462        40
   G       9         460        40
   R      14         473        41
   G      11         473        41
   A       9         485        42
   G      13         485        42
   W      15         493        43
   A       9         495        43
   M       6         511        44
   C       9         514        44
   R      10         519        45
   W      13         523        45
   G      13         526        45
   T      12         524        45
   A      12         522        45
   R       8         558        48
   G       9         561        48
   W       7         571        49
   A       9         574        49
   W      10         590        51
   T       9         593        51
   R      13         625        54
   S      13         630        54
   A       9         623        54
   C       9         632        54
   S      21         642        55
   C       9         643        55
   Y      11         651        56
   C       9         653        56
   Y      10         666        57
   T       7         668        57
   W       8         674        58
   T       9         675        58
   W       8         685        59
   T       9         684        59
   W      11         695        60
   T       9         693        60
   R      14         714        61
   S       8         710        61
   A       9         715        61
   C       9         707        61
   W      11         724        62
   A       9         726        62
   Y      11         732        63
   C       9         730        63
   R      13         751        64
   S      20         749        64
   A       9         750        64
   C       9         747        64
   M       7         788        67
   S      10         788        67
   A       9         788        67
   C      11         788        67
   W       8         796        68
   A       9         797        68
   W       8         805        69
   T       9         803        69
   Y       8         822        70
   T       9         822        70
   W      30         884        75
   A       9         885        75
   W      12         898        76
   A       9         900        76
   G      18         921        78
   A      14         920        78
   R      13         938        79
   A       9         930        79
   Y      17         946        80
   T       9         947        80
   M      11         960        81
   A       9         960        81
   M       8         970        82
   Y       8         970        82
   A       9         970        82
   T       9         969        82
   W      18         978        83
   T       9         977        83
   R       8         992        84
   W      11         988        84
   G       9         994        84
   T       9         986        84
   S       8        1005        85
   K      11        1004        85
   C       9        1006        85
   T       9        1004        85
   Y      24        1029        87
   T       9        1030        87
   W      13        1050        89
   T       9        1050        89
   R      10        1062        90
   K      21        1062        90
   A      11        1060        90
   T       9        1060        90
   W      12        1121        95
   Y      22        1121        95
   A       9        1120        95
   C       9        1120        95
   S       8        1153        97
   K      24        1151        97
   C       9        1155        97
   T      12        1150        97
   Y      13        1164        98
   T       7        1167        98
   Y       7        1178       100
   C       9        1179       100
   K      10        1181       100
   T       7        1177       100
   W      13        1211       102
   T       7        1215       102
   W      11        1268       107
   T       9        1269       107
   W      11        1276       108
   R      17        1279       108
   G      12        1282       108
   T       9        1275       108
   W      22        1280       108
   A      12        1277       108
   M      10        1308       110
   Y      13        1303       110
   A       7        1311       110
   T       9        1302       110
   W      11        1355       114
   A       9        1355       114
   W      27        1389       117
   A       9        1389       117
   W      14        1406       118
   A       9        1399       118
   W      26        1452       122
   A       9        1452       122
   Y      17        1465       123
   T       9        1466       123
   S      10        1484       125
   K      25        1484       125
   C      11        1482       125
   T      12        1482       125
   M      12        1510       127
   Y      17        1511       127
   A       9        1510       127
   T       9        1512       127
   W      13        1548       130
   A       7        1552       130
   W      27        1569       132
   T       9        1568       132
   W      21        1583       133
   A       9        1586       133
   K      13        1596       134
   T       9        1598       134
   W      24        1607       135
   T       9        1606       135
   W      13        1618       136
   T       9        1618       136
   T       9        1658       139
   C      18        1654       139
   S      12        1668       140
   K      12        1668       140
   C       9        1669       140
   T       9        1668       140
   W      18        1683       141
   T       9        1678       141
   Y      11        1718       144
   T       7        1721       144
   R      31        1727       145
   G       9        1729       145
   T      12        1739       146
   A      28        1737       146
   Y      14        1814       152
   C       9        1817       152
   K      24        1825       153
   T       9        1826       153
   Y      13        1837       154
   T       9        1839       154
   W      11        1847       155
   T       9        1848       155
   R      22        1916       161
   K      18        1916       161
   A       9        1913       161
   T       9        1914       161
   R      11        1959       164
   A       9        1960       164
   W      11        1990       167
   A       9        1989       167
   K      17        2003       168
   T       9        2000       168
   M      26        2015       169
   A       9        2015       169
   W      12        2030       170
   T       9        2033       170
   R      13        2044       171
   W       6        2044       171
   G       9        2036       171
   T       7        2048       171
   A      12        2056       172
   G      18        2054       172
   R      12        2079       174
   G       9        2080       174
   M      19        2120       178
   Y      11        2121       178
   A       9        2119       178
   T       9        2120       178
   M      22        2136       179
   S       8        2136       179
   A       9        2138       179
   G       9        2137       179
   A       9        2177       183
   G      18        2182       183
   A      11        2221       186
   C      33        2219       186
   W      27        2232       187
   A       9        2233       187
   W      13        2244       188
   A       9        2245       188
   W      14        2258       189
   A       9        2260       189
   W      13        2302       193
   A       9        2303       193
   R      33        2327       195
   A       9        2327       195
   W      14        2341       196
   A       9        2345       196
   M      13        2364       198
   C       9        2364       198
   R      17        2397       201
   A       9        2397       201
   W      16        2407       202
   A       9        2405       202
   W      19        2422       203
   A       9        2416       203
   W      29        2447       205
   Y       8        2448       205
   A       9        2443       205
   C       9        2450       205
   M      14        2472       207
   A       9        2475       207
   W      23        2483       208
   A       9        2484       208
   R       8        2494       209
   A       9        2493       209
   R      28        2533       212
   G       9        2534       212
   S       8        2543       213
   C       9        2544       213
   A       9        2552       214
   T      18        2552       214
   M      15        2577       216
   A       9        2580       216
   W      11        2588       217
   A       9        2590       217
   W       8        2611       219
   Y       8        2614       219
   A       9        2608       219
   C       9        2614       219
   R      21        2624       220
   A       9        2625       220
   W      13        2660       223
   A       9        2661       223
   M      13        2671       224
   A       9        2670       224
   M      29        2682       225
   A       9        2681       225
   W      13        2705       227
   T       9        2703       227
   M      27        2717       228
   Y       8        2716       228
   A       9        2716       228
   T       9        2714       228
   W      20        2730       229
   T       9        2731       229
   W      14        2755       231
   T       9        2757       231
   W      16        2767       232
   T       9        2770       232
   R       8        2779       233
   G       9        2780       233
   M      26        2788       234
   Y       8        2789       234
   A       9        2788       234
   T       9        2789       234
   Y       6        2803       235
   T       7        2806       235
   W      29        2826       237
   A       9        2828       237
   M       8        2836       238
   A       9        2835       238
   W      18        2847       239
   A       9        2846       239
   R      12        2859       240
   K       8        2863       240
   A       9        2857       240
   T       9        2864       240
   M      11        2872       241
   A       9        2872       241
   W      11        2882       242
   T       9        2881       242
   W      18        2894       243
   A       9        2892       243
   W      21        2909       244
   T       9        2909       244
   R      23        2922       245
   K      10        2920       245
   A      12        2925       245
   T      11        2919       245
   R      17        2935       246
   A       9        2936       246
   W      17        2945       247
   A       9        2945       247
   W      20        2969       249
   A       9        2970       249
   W      16        2982       250
   Y       8        2982       250
   A       9        2985       250
   C       9        2984       250
   W      12        3014       253
   A       9        3014       253
   M      17        3027       254
   A       9        3026       254
   W      24        3037       255
   A       9        3036       255
   Y      14        3054       256
   C       9        3057       256
   M      29        3077       258
   A       9        3077       258
   W      14        3087       259
   Y       6        3093       259
   A       9        3085       259
   C       7        3097       259
   R      14        3127       262
   K      17        3126       262
   A       9        3130       262
   T       9        3129       262
   W      17        3159       265
   Y      17        3158       265
   A       9        3159       265
   C       9        3158       265
   R      16        3170       266
   A       9        3168       266
   W      27        3194       268
   A       9        3195       268
   W      12        3209       269
   A       9        3212       269
   W      17        3218       270
   Y       8        3221       270
   A       9        3219       270
   C       9        3223       270
   W      12        3234       271
   A       9        3228       271
   W      13        3245       272
   A       9        3247       272
   M      27        3256       273
   A       9        3257       273
   W      12        3267       274
   A       9        3268       274
   W      27        3289       276
   Y       8        3288       276
   A       9        3290       276
   C       9        3287       276
   R      10        3304       277
   A       9        3299       277
   W      29        3314       278
   Y       8        3316       278
   A       9        3316       278
   C       9        3319       278
   W      12        3325       279
   A       9        3323       279
   W      21        3338       280
   A       9        3338       280
   W      13        3365       282
   Y      11        3362       282
   K       8        3364       282
   A       7        3368       282
   C       9        3362       282
   G       9        3367       282
   M       8        3396       285
   C       9        3397       285
   Y      17        3408       286
   C       9        3407       286
   R      21        3421       287
   A       9        3422       287
   W      13        3443       289
   A       9        3444       289
   R      17        3454       290
   A       9        3452       290
   W      14        3471       291
   A       9        3474       291
   W      20        3503       294
   A       9        3503       294
   M      32        3526       296
   A       9        3525       296
   W       8        3540       297
   A       9        3542       297
   W      21        3549       298
   Y       8        3549       298
   A       9        3548       298
   C       9        3547       298
   R      17        3600       302
   A       9        3600       302
   W      17        3611       303
   A       9        3611       303
   W      15        3638       305
   T       9        3641       305
   K       9        3651       306
   T       7        3654       306
   M      17        3722       312
   Y      13        3723       312
   A       9        3723       312
   T       9        3725       312
   S      11        3734       313
   G       9        3736       313
   W      16        3747       314
   A       9        3750       314
   M      10        3783       317
   R      11        3780       317
   W      12        3783       317
   C       9        3786       317
   G       9        3779       317
   T       9        3786       317
   R      13        3791       318
   W       9        3795       318
   G       9        3789       318
   T       7        3798       318
   W      19        3805       319
   T       9        3807       319
   K      23        3862       324
   G       9        3864       324
   R      11        3896       327
   G       9        3895       327
   M      10        3912       328
   R      13        3910       328
   W      26        3907       328
   C       7        3916       328
   G       9        3912       328
   T       9        3906       328
   S       8        3923       329
   K      13        3919       329
   C       9        3925       329
   T       9        3917       329
   W      14        3936       330
   K      12        3930       330
   A       9        3940       330
   G       9        3928       330
   W      31        3956       332
   Y       8        3959       332
   A      14        3957       332
   C       9        3963       332
   R      29        3982       334
   K      11        3982       334
   A       9        3981       334
   T       9        3982       334
   M      20        3996       335
   C       9        3996       335
   Y      12        4008       336
   C       9        4012       336
   M      16        4044       339
   C      14        4044       339
   M      11        4065       341
   W      32        4066       341
   C      14        4065       341
   T       9        4066       341
   K      17        4091       343
   G       9        4093       343
   W      27        4112       345
   A       9        4113       345
   M      13        4162       349
   C       9        4163       349
   M      21        4198       352
   A       9        4201       352
   M      13        4237       355
   S      11        4235       355
   A       7        4241       355
   G       9        4237       355
   W      21        4257       357
   A       9        4260       357
   Y      17        4293       360
   C       9        4295       360
   W      31        4304       361
   A       9        4305       361
   M      16        4331       363
   A       9        4334       363
   Y      18        4415       370
   T       9        4415       370
   W      13        4424       371
   T       9        4425       371
   M       6        4438       372
   W       9        4434       372
   C       7        4442       372
   T       9        4433       372
   R      10        4451       373
   W      13        4448       373
   G      13        4453       373
   A       9        4449       373
   Y      14        4487       376
   T       9        4491       376
   W      11        4499       377
   K       6        4500       377
   A       9        4501       377
   G       7        4503       377
   W      11        4518       379
   A       9        4519       379
   W      30        4531       380
   A       9        4531       380
   K      13        4558       382
   G       9        4561       382
   W      12        4567       383
   A       9        4566       383
   K       8        4591       385
   G       9        4592       385
   W      13        4621       387
   A       9        4615       387
   W       8        4631       388
   T       9        4633       388
   W      17        4640       389
   A       9        4641       389
   M       8        4653       390
   C       9        4655       390
   W      21        4661       391
   T       9        4659       391
   R       8        4722       396
   W      16        4723       396
   G       9        4724       396
   T       9        4726       396
   K       8        4746       398
   T       9        4746       398
   R      26        4757       399
   A       9        4757       399
   Y       8        4772       400
   C       9        4775       400
   R      13        4780       401
   A       9        4779       401
   W      17        4795       402
   A       9        4795       402
   W      21        4815       404
   A       9        4814       404
   W      15        4857       407
   A       9        4861       407
   Y       8        4870       408
   C       9        4873       408
   K      12        4880       409
   T       9        4880       409
   W      11        4952       415
   Y      29        4952       415
   A       9        4951       415
   C       9        4952       415
   Y      13        4985       418
   C       9        4984       418
   Y       8        5010       420
   C       9        5010       420
   R      15        5021       421
   G       9        5021       421
   W       8        5069       425
   A       9        5068       425
   K      12        5095       427
   G       9        5096       427
   M       8        5108       428
   C       9        5109       428
   W      31        5119       429
   Y       8        5119       429
   A       9        5118       429
   C       9        5119       429
   W      30        5179       434
   Y       8        5178       434
   K       8        5179       434
   A      11        5178       434
   C       9        5177       434
   G       9        5179       434
   W      11        5203       436
   A      11        5204       436
   W      21        5237       439
   K       8        5240       439
   A       9        5236       439
   G       9        5242       439
   W      13        5251       440
   A       9        5253       440
   M      20        5274       442
   S       8        5274       442
   A       9        5272       442
   G       9        5273       442
   M      11        5288       443
   A       9        5290       443
   W      29        5300       444
   A       9        5300       444
   M      21        5313       445
   A       9        5313       445
   M      13        5326       446
   A       9        5327       446
   W       8        5361       449
   Y       8        5362       449
   K      16        5365       449
   A       9        5359       449
   C       9        5362       449
   G       9        5368       449
   R      13        5374       450
   A       9        5374       450
   M      15        5389       451
   A       9        5392       451
   R       8        5407       453
   S       8        5406       453
   A       9        5408       453
   C       9        5406       453
   R       8        5446       456
   G       9        5447       456
   M      24        5456       457
   A       9        5454       457
   M      30        5470       458
   A       9        5471       458
   M       8        5484       459
   C       9        5488       459
   W      21        5495       460
   Y       8        5495       460
   A       9        5496       460
   C       9        5497       460
   Y      13        5506       461
   T       9        5507       461
   M      11        5517       462
   R      11        5517       462
   C       9        5516       462
   G       9        5517       462
   M       8        5531       463
   R       8        5528       463
   W       8        5527       463
   C       9        5535       463
   G       9        5529       463
   T       9        5526       463
   R      29        5542       464
   A       9        5540       464
   R      14        5557       465
   A       9        5560       465
   R       8        5567       466
   A       9        5568       466
   M      13        5583       467
   A       7        5587       467
   M      11        5590       468
   R       8        5591       468
   C       9        5588       468
   G       9        5589       468
   W      26        5612       470
   Y       8        5614       470
   A       9        5611       470
   C       9        5615       470
   K      14        5624       471
   G      10        5622       471
   R      17        5640       472
   A      11        5641       472
   M      10        5652       473
   A      11        5650       473
   W      11        5666       474
   A       9        5670       474
   R       8        5679       475
   K       8        5679       475
   A       9        5680       475
   T       9        5680       475
   M      15        5702       477
   A       9        5702       477
   R       9        5724       479
   S       8        5723       479
   K       9        5728       479
   A      11        5724       479
   C      11        5731       479
   T      11        5732       479
   G       9        5724       479
   M      16        5751       481
   A       9        5753       481
   W      11        5763       482
   Y       6        5765       482
   A       9        5765       482
   C       7        5769       482
   R      11        5777       483
   A       9        5778       483
   Y      13        5788       484
   C       9        5790       484
   S      13        5800       485
   G       9        5801       485
   M      10        5813       486
   C       7        5816       486
   W      17        5820       487
   A      10        5828       487
   Y      11        5837       488
   C       9        5839       488
   R      20        5848       489
   A       9        5849       489
   W      12        5870       491
   A       9        5871       491
   R      15        5882       492
   S      15        5882       492
   A       9        5880       492
   C       9        5879       492
   R      16        5897       493
   S       8        5900       493
   C       9        5904       493
   G       9        5897       493
   S       8        5912       494
   A       9        5911       494
   C      11        5913       494
   G      12        5912       494
   M      17        5925       495
   A       9        5927       495
   S       8        5934       496
   K       6        5937       496
   C       9        5934       496
   T       7        5940       496
   M       7        5943       497
   A       9        5944       497
   W       6        5958       498
   K       6        5959       498
   A       9        5959       498
   G       9        5960       498
   R      14        5969       499
   S       8        5968       499
   K       8        5971       499
   A       9        5969       499
   C       9        5966       499
   T       9        5973       499
   R      25        5994       501
   S       8        5993       501
   K      16        5993       501
   A       9        5992       501
   C       9        5991       501
   T       9        5991       501
   W      10        6013       502
   T       9        6005       502
   S       8        6025       503
   C       9        6028       503
   W      18        6034       504
   T       9        6034       504
   W       8        6044       505
   K       8        6044       505
   A       9        6044       505
   G       9        6045       505
   M      15        6056       506
   A       9        6056       506
   R       6        6067       507
   W       6        6064       507
   G       9        6069       507
   T       9        6063       507
   Y       6        6091       509
   C       7        6094       509
   M       6        6100       510
   C       9        6103       510
