# CHROMAT_FILE: GXYUK1-HB-R.scf
# SOFTWARE_VERSION: TT_3.0.4beta
# NUM_ABC: 372
# NUM_SUBSTITUTIONS: 372
# NUM_DELETIONS: 0
# base2   qv2       pos2       ind2
   R       8         433        33
   G       9         428        33
   W       8         477        37
   T       9         477        37
   R      19         540        42
   A       9         541        42
   M      22         562        44
   A       9         561        44
   W      31         615        48
   T       9         615        48
   K      27         677        53
   T       9         677        53
   W      13         821        65
   A       9         821        65
   M      27         832        66
   C       9         832        66
   Y      11         868        69
   K      27         869        69
   C       9         868        69
   G       9         871        69
   K      21         895        71
   G       9         894        71
   W       8         921        73
   Y      16         923        73
   A       9         921        73
   C       9         925        73
   A      28         932        74
   C       9         933        74
   C      18         954        76
   T      14         955        76
   Y       8         981        78
   C       9         982        78
   Y      30         994        79
   T       9         994        79
   Y      17        1005        80
   C       9        1005        80
   W      21        1051        84
   A       9        1051        84
   W      21        1063        85
   T       9        1063        85
   K      27        1075        86
   G       9        1077        86
   K      11        1087        87
   T       9        1087        87
   K      20        1100        88
   G       9        1100        88
   K      21        1113        89
   G       9        1114        89
   M      13        1138        91
   A       9        1138        91
   W      20        1148        92
   T       9        1148        92
   Y      13        1223        98
   C       9        1223        98
   M      20        1245       100
   C       9        1246       100
   R       8        1256       101
   G       9        1257       101
   R      30        1268       102
   A       9        1269       102
   W       8        1303       105
   T       9        1303       105
   W      32        1314       106
   A       9        1314       106
   M      17        1337       108
   C       9        1337       108
   M      20        1360       110
   A       9        1360       110
   M      17        1372       111
   C       9        1373       111
   R      30        1386       112
   A       9        1387       112
   W      19        1410       114
   Y       8        1410       114
   A       9        1411       114
   C       9        1411       114
   M       8        1421       115
   Y      28        1423       115
   A       9        1419       115
   T       9        1423       115
   Y      11        1435       116
   K      13        1436       116
   C       9        1435       116
   G       9        1437       116
   K      13        1448       117
   T       9        1448       117
   K      20        1461       118
   G       9        1460       118
   K      20        1474       119
   G       9        1475       119
   M      13        1498       121
   S      13        1498       121
   A       9        1498       121
   G       9        1498       121
   R      12        1521       123
   A       9        1521       123
   W      28        1534       124
   A       9        1534       124
   M      21        1579       128
   C       9        1579       128
   Y      28        1591       129
   T       9        1592       129
   W      13        1616       131
   A       9        1616       131
   M      17        1627       132
   C       9        1627       132
   S      30        1652       134
   C       9        1652       134
   S      20        1665       135
   G       9        1665       135
   S       8        1676       136
   K      11        1678       136
   C       9        1676       136
   T       9        1679       136
   Y      20        1703       138
   C       9        1703       138
   M      17        1714       139
   A       9        1714       139
   M      27        1725       140
   C       9        1725       140
   T      13        1737       141
   C      18        1737       141
   M      20        1748       142
   A       9        1747       142
   M      21        1759       143
   C       9        1760       143
   S       8        1771       144
   G       9        1772       144
   K      30        1797       146
   G       9        1797       146
   Y      20        1836       149
   C       9        1836       149
   S      28        1860       151
   G       9        1861       151
   Y      11        1911       155
   T       9        1912       155
   Y      28        1923       156
   C       9        1922       156
   Y      17        1935       157
   T       9        1935       157
   Y      17        1947       158
   C       9        1947       158
   Y      19        1959       159
   T       9        1960       159
   Y      17        1971       160
   T       9        1972       160
   K      27        2008       163
   G       9        2008       163
   M      11        2044       166
   A       9        2044       166
   M      30        2055       167
   C       9        2055       167
   M      12        2089       170
   W      27        2089       170
   C       9        2090       170
   T       9        2090       170
   Y      29        2127       173
   T       9        2127       173
   Y       8        2139       174
   C       9        2138       174
   W      13        2151       175
   A       9        2151       175
   M      17        2162       176
   C       9        2162       176
   M      13        2185       178
   A       9        2185       178
   M      13        2197       179
   R      13        2197       179
   C       9        2198       179
   G       9        2197       179
   S      13        2234       182
   Y      12        2236       182
   G       9        2234       182
   T       9        2237       182
   Y      28        2248       183
   C       9        2247       183
   Y      17        2260       184
   T       9        2260       184
   M      31        2270       185
   C       9        2271       185
   Y      13        2307       188
   T       9        2308       188
   W      13        2319       189
   Y      12        2318       189
   A       9        2319       189
   C       9        2317       189
   R      13        2354       192
   G       9        2354       192
   R      13        2366       193
   A       9        2366       193
   W      13        2378       194
   A       9        2378       194
   W      29        2389       195
   T       9        2389       195
   W      27        2400       196
   A       9        2401       196
   M      27        2435       199
   A       9        2435       199
   R      13        2483       203
   A       9        2482       203
   Y      17        2495       204
   C       9        2495       204
   Y      27        2507       205
   T       9        2508       205
   Y      11        2519       206
   C       9        2519       206
   K      27        2532       207
   G       9        2533       207
   K      27        2582       211
   G       9        2582       211
   R      27        2594       212
   A       9        2594       212
   M      20        2629       215
   C       9        2629       215
   M      13        2640       216
   A       9        2640       216
   M      27        2651       217
   C       9        2651       217
   M      21        2662       218
   A       9        2662       218
   R      29        2725       223
   G       9        2724       223
   R      21        2750       225
   A       9        2751       225
   W      13        2773       227
   A       9        2775       227
   Y      13        2784       228
   C       9        2784       228
   R      13        2809       230
   S      13        2808       230
   A       9        2810       230
   C       9        2808       230
   M      17        2821       231
   C       9        2820       231
   Y      17        2833       232
   T       9        2833       232
   W      13        2844       233
   Y      13        2844       233
   A       9        2844       233
   C       9        2844       233
   M      30        2879       236
   A       9        2879       236
   Y      13        2926       240
   C       9        2926       240
   M      12        2949       242
   W      13        2949       242
   C       9        2950       242
   T       9        2949       242
   Y      17        2961       243
   C       9        2961       243
   M      32        2984       245
   C       9        2985       245
   M      16        3019       248
   C       9        3019       248
   M      20        3067       252
   C       9        3067       252
   M      11        3079       253
   A       9        3079       253
   M      29        3090       254
   C       9        3090       254
   M      13        3101       255
   A       9        3101       255
   W      11        3113       256
   T       9        3113       256
   W      27        3125       257
   A       9        3125       257
   W      23        3149       259
   T       9        3149       259
   Y      13        3186       262
   T      14        3186       262
   K      13        3209       264
   T      14        3210       264
   W      17        3245       267
   T       9        3245       267
   W      21        3256       268
   A       9        3256       268
   K      13        3291       271
   T      14        3291       271
   W      17        3327       274
   T       9        3327       274
   W      27        3338       275
   A       9        3338       275
   R      30        3374       278
   A       9        3374       278
   M      21        3397       280
   A       9        3398       280
   R      27        3433       283
   A       9        3433       283
   R      11        3445       284
   G       9        3445       284
   R      13        3457       285
   A      14        3458       285
   K      24        3469       286
   G       9        3469       286
   R      13        3482       287
   A       9        3482       287
   Y      27        3529       291
   C       9        3529       291
   M      13        3553       293
   C      14        3554       293
   W      17        3563       294
   T      14        3563       294
   W      17        3575       295
   A       9        3575       295
   W      24        3586       296
   T       9        3586       296
   W      21        3598       297
   A       9        3598       297
   W      27        3633       300
   T       9        3633       300
   Y      17        3657       302
   C       9        3657       302
   Y      21        3670       303
   T       9        3670       303
   M      13        3681       304
   C      14        3682       304
   M      13        3692       305
   C       9        3692       305
   Y      17        3704       306
   T       9        3704       306
   K      27        3717       307
   G       9        3717       307
   R      13        3729       308
   A       9        3730       308
   M      17        3765       311
   A       9        3765       311
   R      20        3777       312
   G      14        3777       312
   R      13        3801       314
   A       9        3802       314
   R      17        3813       315
   G       9        3813       315
   R      13        3826       316
   S      13        3825       316
   A      14        3827       316
   C      14        3825       316
   W      34        3884       321
   T      14        3883       321
   K      23        3932       325
   G       9        3933       325
   Y      24        3956       327
   T       9        3956       327
   W      27        3980       329
   T       9        3980       329
   W      20        4002       331
   A      11        4001       331
   W      27        4026       333
   T       9        4026       333
   W      31        4171       345
   A      14        4172       345
   R      32        4194       347
   A       9        4194       347
   W      33        4218       349
   T      11        4217       349
   W      24        4241       351
   A       9        4241       351
   M      25        4276       354
   C      14        4276       354
   Y      13        4288       355
   T      14        4288       355
   W      24        4300       356
   A       9        4299       356
   Y      30        4360       361
   T       9        4360       361
   Y      26        4412       365
   T      11        4413       365
   R      18        4515       374
   A       9        4515       374
   C      11        4749       394
   A       9        4750       394
   T       9        4762       395
   C       9        4761       395
