# CHROMAT_FILE: GXYUK6-GW-F.scf.scf.scf
# SOFTWARE_VERSION: TT_3.0.4beta
# NUM_ABC: 64
# NUM_SUBSTITUTIONS: 64
# NUM_DELETIONS: 0
# base2   qv2       pos2       ind2
   K      19         968        77
   T       9         970        77
   G      18        3327       276
   A      13        3325       276
   C      17        4573       380
   T       9        4571       380
   T       9        4607       383
   A       9        4610       383
   S      16        4730       393
   C       9        4729       393
   M      32        4927       409
   C       9        4928       409
   T       9        4950       411
   A      14        4954       411
   R      35        4988       414
   G       9        4987       414
   A       9        5038       418
   T       9        5036       418
   A       9        5147       427
   T       9        5147       427
   C       9        5183       430
   A      13        5181       430
   A       9        5205       432
   T      28        5209       432
   C      28        5244       435
   T       9        5244       435
   M      20        5268       437
   A       9        5268       437
   K      18        5293       439
   G       9        5292       439
   G      13        5318       441
   T       9        5317       441
   G      25        5330       442
   A       9        5331       442
   A      17        5453       452
   T       9        5453       452
   A       9        5464       453
   C      13        5467       453
   C      32        5489       455
   A       9        5490       455
   C       9        5513       457
   A      13        5514       457
   A      19        5590       464
   T       9        5590       464
   A       9        5600       465
   G      13        5602       465
   C       9        5626       467
   T       9        5628       467
   G       9        5687       472
   T       9        5690       472
   T       9        5761       478
   Y      13        5764       478
   Y      15        5789       480
   C       9        5789       480
   C      17        5825       483
   T       9        5824       483
   T       9        5851       485
   G      13        5851       485
   R      12        5860       486
   A       9        5859       486
   W      12        5915       490
   T       9        5912       490
   M       8        5971       495
   A       9        5972       495
