# CHROMAT_FILE: HUK3-SC-F.scf
# SOFTWARE_VERSION: TT_3.0.4beta
# NUM_ABC: 74
# NUM_SUBSTITUTIONS: 74
# NUM_DELETIONS: 0
# base2   qv2       pos2       ind2
   A      12         188        12
   C       9         187        12
   W      20         325        22
   A       9         326        22
   C      26         907        72
   G       9         908        72
   K      24         933        74
   T      10         934        74
   K      18         953        76
   T       9         952        76
   R       9         999        80
   G       9         999        80
   T      11        1008        81
   G      11        1008        81
   W      10        1030        83
   A      11        1028        83
   W      10        1057        85
   T      11        1055        85
   K      11        1080        87
   T      14        1079        87
   K      11        1097        88
   G      14        1094        88
   K       8        1114        89
   G      11        1115        89
   K      18        1170        94
   G      11        1170        94
   A      11        1219        98
   G      11        1224        98
   R       9        1241        99
   A      10        1244        99
   T      11        1302       104
   G      11        1300       104
   K       8        1395       113
   G      11        1395       113
   W       6        1408       114
   A       9        1411       114
   R       5        1432       116
   W       8        1428       116
   G       7        1436       116
   T      11        1428       116
   W       7        1450       118
   A       9        1450       118
   M       8        1459       119
   S       7        1457       119
   A      11        1460       119
   G       9        1456       119
   Y       8        1471       120
   C      11        1470       120
   R      15        1498       122
   A      11        1501       122
   Y      11        1512       123
   C      13        1515       123
   M      16        1543       126
   C      11        1542       126
   R      11        1636       134
   G       9        1634       134
   T      11        1656       136
   C      11        1654       136
   W       8        2021       168
   A      11        2021       168
   K       8        2035       169
   G      11        2032       169
   M       7        2062       171
   A       9        2063       171
   W       8        2078       172
   A      11        2080       172
   W       8        2086       173
   K       7        2091       173
   A      11        2085       173
   G       9        2095       173
   Y       9        2143       177
   T       9        2140       177
   M       8        2274       188
   A      11        2279       188
