# CHROMAT_FILE: HX14-EO_2-F.scf
# SOFTWARE_VERSION: TT_3.0.4beta
# NUM_ABC: 183
# NUM_SUBSTITUTIONS: 183
# NUM_DELETIONS: 0
# base2   qv2       pos2       ind2
   W       6         198        13
   T       9         200        13
   Y      19         322        22
   T       9         322        22
   R      24         332        23
   G       9         335        23
   W      10         345        24
   Y       8         344        24
   A       9         349        24
   C       9         346        24
   R      16         387        27
   A      10         390        27
   W      19         412        29
   A       9         414        29
   W      17         431        31
   T       9         432        31
   R      24         448        33
   G       9         448        33
   M      12         476        35
   Y      14         480        35
   A       9         474        35
   T       9         482        35
   W      12         492        36
   T       9         496        36
   R      21         504        37
   A       9         506        37
   R      18         546        41
   G       9         545        41
   Y      20         556        42
   T       9         555        42
   Y      18         579        44
   C       9         579        44
   Y       8         593        45
   T       9         592        45
   K      27         607        46
   G       9         606        46
   W      20         630        48
   T       9         629        48
   S      23         717        55
   C       9         719        55
   R      13         739        57
   G       7         742        57
   Y      13         750        58
   T       7         754        58
   Y      21         781        61
   T       9         780        61
   R      32         793        62
   G       9         794        62
   M      15         835        65
   A       9         838        65
   Y      17         846        66
   C       9         848        66
   W      17         857        67
   A       9         858        67
   W      13         868        68
   A       9         868        68
   W      19         880        69
   T       9         881        69
   R      15         921        73
   G       9         920        73
   R      15         960        76
   A       9         961        76
   R      10         976        77
   G       7         979        77
   S      27         992        79
   G       9         991        79
   R      10        1020        81
   A      12        1014        81
   G      20        1017        81
   M       8        1039        83
   C       9        1039        83
   K      17        1051        84
   T       9        1050        84
   W      27        1074        86
   T       9        1074        86
   S      17        1099        88
   C       9        1098        88
   W      17        1112        89
   T       9        1111        89
   R      23        1123        90
   G       9        1123        90
   S      21        1134        91
   C       9        1134        91
   K      27        1182        95
   G       9        1182        95
   R      30        1231        99
   G       9        1232        99
   W      12        1242       100
   T       9        1242       100
   S      18        1253       101
   G       9        1254       101
   W      15        1297       105
   T       9        1300       105
   W      11        1309       106
   T       7        1313       106
   W      16        1333       108
   A       9        1336       108
   Y      13        1345       109
   T       9        1347       109
   Y      14        1357       110
   T       9        1359       110
   M      10        1367       111
   C       9        1370       111
   S      15        1426       116
   G       9        1429       116
   K      20        1444       118
   G       9        1442       118
   W      12        1456       119
   Y      14        1461       119
   A       9        1455       119
   C       9        1464       119
   M      20        1484       121
   A       9        1485       121
   K      21        1509       123
   T       9        1511       123
   Y      17        1521       124
   T       9        1523       124
   K      21        1543       126
   T       9        1544       126
   Y      13        1566       128
   T       9        1567       128
   K      17        1578       129
   G       9        1579       129
   A      13        1589       130
   G      18        1590       130
   M      26        1614       132
   C       9        1615       132
   W      21        1648       135
   A       9        1649       135
   M      13        1660       136
   A       9        1660       136
   M      28        1682       138
   C       9        1684       138
   Y      13        1695       139
   C       9        1697       139
   M      19        1743       143
   A       9        1744       143
   S      30        1767       145
   G       9        1767       145
   S      21        1803       148
   G       9        1804       148
   R      20        1840       151
   A       9        1842       151
   S      27        1886       155
   C       9        1886       155
   W      13        1899       156
   T       9        1900       156
   R      17        1910       157
   G       9        1912       157
   W      16        1975       163
   T       9        1973       163
   M      18        1991       164
   C       9        1994       164
   M      13        2003       165
   C       9        2006       165
   K      11        2015       166
   G       7        2018       166
   R      16        2039       168
   A       9        2042       168
   R      16        2074       171
   G       9        2076       171
   K      16        2098       173
   G       9        2102       173
   S      10        2123       175
   G       7        2127       175
   W      20        2140       177
   T       9        2139       177
   R      17        2152       178
   A       9        2150       178
   R      13        2207       182
   A       7        2211       182
   R      11        2219       183
   A       9        2223       183
   R       8        2230       184
   A       9        2232       184
   R      14        4531       379
   A       7        4535       379
   K       6        7572       633
   G       9        7571       633
   W       7        7584       634
   G       9        7582       634
   R      10        7584       634
   A       9        7587       634
