# CHROMAT_FILE: HX15-GS-F.scf
# SOFTWARE_VERSION: TT_3.0.4beta
# NUM_ABC: 196
# NUM_SUBSTITUTIONS: 196
# NUM_DELETIONS: 0
# base2   qv2       pos2       ind2
   W      20         302        22
   T       9         302        22
   S      19         313        23
   G       9         314        23
   W       8         319        24
   T       9         320        24
   S      10         332        25
   G       7         335        25
   W      12         338        26
   T       9         337        26
   R       8         354        27
   S      13         356        27
   K       8         352        27
   A       9         356        27
   C       9         348        27
   T       9         351        27
   R      13         368        28
   A       9         366        28
   M      13         383        29
   C       9         380        29
   K      13         406        31
   T       9         404        31
   Y      20         419        32
   T       9         418        32
   G       9         430        33
   C      33         432        33
   Y      32         469        36
   T       9         469        36
   T       9         488        38
   C      33         488        38
   S      13         501        39
   C       9         503        39
   Y      13         514        40
   T       9         514        40
   W      24         541        42
   A       9         541        42
   W      24         567        44
   Y      11         565        44
   A       9         568        44
   C       9         565        44
   Y      13         603        47
   C       9         602        47
   W      13         650        51
   A       9         651        51
   K      16         699        55
   T       9         697        55
   Y      26         712        56
   T       9         710        56
   R      13         723        57
   G       9         723        57
   K      20         734        58
   T       9         733        58
   W      13         808        64
   Y      13         808        64
   A       9         811        64
   C       9         810        64
   M      13         831        66
   S      10         835        66
   A       9         831        66
   G       7         839        66
   W      17         847        67
   Y      11         846        67
   A       9         850        67
   C       9         847        67
   Y      21         871        69
   T       9         873        69
   M      11         881        70
   C       9         883        70
   R      13         892        71
   K      12         889        71
   A       9         894        71
   T       9         887        71
   C      14         915        73
   A       9         917        73
   K      16         927        74
   T       9         927        74
   Y      12        1058        85
   T       9        1061        85
   M      14        1069        86
   C       9        1073        86
   R      10        1081        87
   A       9        1084        87
   K      13        1103        89
   T       9        1104        89
   W      17        1117        90
   A       9        1119        90
   S      17        1129        91
   C       9        1131        91
   Y      21        1151        93
   T       9        1151        93
   W      13        1163        94
   Y      13        1163        94
   A      11        1165        94
   C       9        1164        94
   K      13        1201        97
   T       9        1203        97
   S      13        1213        98
   C       9        1214        98
   Y      27        1225        99
   C       9        1226        99
   W      13        1246       101
   A       9        1245       101
   Y      16        1271       103
   T       9        1273       103
   S      13        1293       105
   C       9        1295       105
   R      13        1304       106
   A       9        1304       106
   R      24        1329       108
   S       8        1328       108
   A       9        1330       108
   C       9        1328       108
   S      19        1353       110
   G       9        1354       110
   M      23        1365       111
   S      11        1363       111
   A       9        1367       111
   G       9        1362       111
   K      20        1386       113
   G       9        1384       113
   W      20        1411       115
   T       9        1412       115
   Y      20        1423       116
   T       9        1425       116
   M      12        1434       117
   A       9        1436       117
   W      11        1446       118
   Y       8        1445       118
   A       9        1448       118
   C       9        1445       118
   S      18        1455       119
   C      11        1454       119
   W      32        1507       123
   A       9        1508       123
   W      13        1532       125
   K      13        1529       125
   A       9        1534       125
   G       9        1529       125
   K      27        1589       130
   G       9        1589       130
   R      11        1635       134
   S      27        1637       134
   A       9        1633       134
   C       9        1637       134
   M      27        1683       138
   A       9        1684       138
   M       9        1697       139
   A      10        1700       139
   T      13        1695       139
   C      18        1694       139
   K      27        1755       144
   T       9        1753       144
   Y      13        1813       149
   C       9        1812       149
   M      28        1897       156
   A       9        1897       156
   W      31        2193       181
   A       9        2193       181
   S      15        2238       185
   Y      10        2243       185
   G       9        2236       185
   T       9        2247       185
   K      18        2262       187
   G       9        2260       187
   W      17        2297       190
   T       9        2295       190
   K      27        2309       191
   T       9        2308       191
   M      15        2433       201
   A       9        2437       201
   Y      16        2445       202
   T       9        2448       202
   S      14        2458       203
   C       9        2461       203
   R      14        2564       212
   S      11        2559       212
   A       9        2568       212
   C       9        2557       212
   M      18        2589       214
   A       9        2591       214
   R       9        2602       215
   A       7        2606       215
   M      21        2625       217
   A       9        2627       217
   Y      31        2684       222
   T       9        2685       222
   W      12        2696       223
   A       9        2697       223
   R      14        3019       250
   A       7        3022       250
   R      16        3685       307
   A      11        3683       307
   R      12        3843       320
   A       7        3847       320
   R      12        5044       421
   A       7        5047       421
