# CHROMAT_FILE: HX15-GS_2-R.scf
# SOFTWARE_VERSION: TT_3.0.4beta
# NUM_ABC: 266
# NUM_SUBSTITUTIONS: 266
# NUM_DELETIONS: 0
# base2   qv2       pos2       ind2
   G       9         232        16
   T       9         233        16
   G       9         251        17
   T       9         244        17
   T       9         268        18
   C       9         258        18
   S      10         279        19
   C       7         280        19
   K      10         294        20
   G       7         297        20
   Y       6         304        21
   T       7         306        21
   S      17         319        23
   C       9         317        23
   Y      15         335        24
   T       9         337        24
   Y      19         381        28
   C       9         379        28
   Y      11         408        30
   A      12         413        30
   T       9         409        30
   C      25         408        30
   R      21         437        32
   A       9         436        32
   Y      11         452        33
   T       9         455        33
   S      31         462        34
   G       9         462        34
   K      17         472        35
   G       9         471        35
   Y      26         502        37
   C       9         504        37
   W      13         525        39
   A       9         525        39
   R      27         537        40
   A       9         537        40
   S       8         552        41
   C       9         553        41
   R      19         565        42
   K      13         562        42
   A      11         566        42
   T       9         560        42
   R      21         580        43
   A       9         582        43
   K      21         623        47
   G       9         625        47
   R      13         636        48
   A       9         637        48
   S      20         646        49
   C       9         644        49
   Y      21         658        50
   T       9         659        50
   W      26         673        51
   Y      11         673        51
   A       9         675        51
   C       9         675        51
   M      13         693        53
   S       8         697        53
   Y      13         693        53
   A       9         693        53
   G       9         700        53
   T       9         692        53
   W      14         710        54
   A       9         713        54
   G       9         721        55
   T      23         720        55
   W      10         735        56
   K      26         733        56
   A       9         738        56
   G       9         734        56
   S       9         746        57
   G       7         748        57
   W      12         752        58
   T       9         753        58
   K      21         764        59
   G       9         767        59
   K      10         778        60
   G       9         781        60
   R      13         794        62
   G       9         794        62
   Y      19         805        63
   C       9         803        63
   S      17         842        66
   Y      26         842        66
   G       9         840        66
   T       9         840        66
   G       9         852        67
   C      28         855        67
   R      17         865        68
   G       9         866        68
   W       8         875        69
   T       9         877        69
   K      30         887        70
   G       9         886        70
   M      18         897        71
   C       9         896        71
   W      15         909        72
   T       9         909        72
   C      11         924        73
   G       9         921        73
   T       9         934        74
   Y      17         935        74
   C      11         944        75
   A       9         945        75
   G      17         958        76
   T       9         959        76
   T      11         972        77
   C      18         969        77
   Y      17         983        78
   C       9         986        78
   S      17         994        79
   K      11         993        79
   C       9         994        79
   T       9         993        79
   Y      13        1008        80
   K      13        1006        80
   C       9        1011        80
   G       9        1006        80
   K      13        1030        82
   G       9        1030        82
   S      18        1040        83
   C       9        1038        83
   R      12        1056        84
   S      12        1053        84
   A       9        1057        84
   C       9        1051        84
   R      27        1069        85
   A       9        1069        85
   S      13        1080        86
   C       9        1078        86
   M      21        1093        87
   C       9        1092        87
   R      21        1115        89
   G       9        1115        89
   M      17        1126        90
   C       9        1126        90
   R      17        1139        91
   A      12        1140        91
   K      24        1149        92
   T       9        1148        92
   R      21        1174        94
   A       9        1175        94
   S      20        1197        96
   C       9        1197        96
   S      28        1232        99
   Y      11        1231        99
   G       9        1233        99
   T       9        1231        99
   M      12        1243       100
   W      11        1242       100
   C       9        1244       100
   T       9        1243       100
   S       8        1255       101
   K       8        1255       101
   C       9        1256       101
   T       9        1256       101
   S      12        1267       102
   C       9        1268       102
   M      21        1292       104
   C       9        1292       104
   R       8        1328       107
   K      13        1326       107
   A       9        1330       107
   T       9        1327       107
   K      22        1338       108
   G       9        1340       108
   Y      15        1350       109
   T       9        1353       109
   R      13        1373       111
   S      23        1371       111
   A       9        1375       111
   C       9        1371       111
   S      26        1383       112
   C       9        1384       112
   R       8        1394       113
   K       8        1395       113
   A       9        1395       113
   T       9        1396       113
   S      30        1431       116
   C       9        1430       116
   S       8        1454       118
   K      17        1455       118
   C       9        1453       118
   T       9        1456       118
   C       9        1466       119
   T      28        1466       119
   S      27        1478       120
   C       9        1479       120
   S      11        1502       122
   K      13        1500       122
   C       9        1502       122
   T       9        1499       122
   S      13        1512       123
   Y       8        1514       123
   G       9        1511       123
   T       9        1515       123
   K      33        1525       124
   G       9        1525       124
   R      13        1539       125
   A       9        1541       125
   K      13        1550       126
   T       9        1549       126
   W      20        1563       127
   A       9        1564       127
   Y      13        1574       128
   T       9        1574       128
   S      30        1585       129
   Y       8        1585       129
   G       9        1585       129
   T       9        1586       129
   S      12        1597       130
   Y       8        1596       130
   G       9        1598       130
   T       9        1596       130
   S       8        1609       131
   G       9        1611       131
   R       8        1620       132
   G       9        1624       132
   K      13        1633       133
   G       7        1636       133
   M      13        1653       135
   A       9        1653       135
   M      17        1664       136
   A       9        1664       136
   W      27        1674       137
   T       9        1675       137
   M       8        1687       138
   R      13        1684       138
   C       9        1689       138
   G       9        1683       138
   W      17        1697       139
   A       9        1697       139
   M      32        1721       141
   A       9        1721       141
   S      19        1733       142
   G       9        1733       142
   W      13        1743       143
   T       9        1743       143
   R      17        1754       144
   A       9        1753       144
   S      23        1770       145
   G       9        1772       145
   W      13        1779       146
   A       9        1779       146
   K       8        1791       147
   G       9        1791       147
   W      13        1803       148
   A       9        1802       148
   S       8        1816       149
   K      27        1814       149
   C       9        1817       149
   T       9        1813       149
   Y       8        1829       150
   A      13        1823       150
   T       9        1831       150
   C      13        1827       150
   M      32        2693       223
   A       9        2694       223
   R      12        4995       416
   A       7        4999       416
   A      14        5375       448
   G      18        5376       448
   A       9        7282       607
   G       9        7280       607
   R      13        7295       608
   A       9        7295       608
