# CHROMAT_FILE: HX18-EO_2-F.scf.scf
# SOFTWARE_VERSION: TT_3.0.4beta
# NUM_ABC: 270
# NUM_SUBSTITUTIONS: 270
# NUM_DELETIONS: 0
# base2   qv2       pos2       ind2
   A      12         211        13
   C       9         205        13
   Y      32         996        75
   T       9         997        75
   K      21        3747       305
   G       9        3745       305
   K      26        3818       311
   T       9        3817       311
   W      29        3829       312
   T       9        3829       312
   W      24        3840       313
   T       9        3841       313
   W      17        3852       314
   T       9        3852       314
   K      23        3864       315
   T      12        3864       315
   A      12        3886       317
   G      14        3887       317
   W      23        3897       318
   T       9        3898       318
   K      29        3909       319
   T       9        3909       319
   K      17        3921       320
   T       9        3921       320
   W      23        3933       321
   T       9        3932       321
   A      28        3943       322
   C       9        3943       322
   G      14        3956       323
   A      18        3954       323
   W      26        3966       324
   T       9        3967       324
   S      25        3978       325
   C       9        3979       325
   S      17        3990       326
   C       9        3991       326
   M      23        4002       327
   C       9        4002       327
   T      12        4026       329
   G      18        4024       329
   T      12        4036       330
   C      18        4038       330
   S      10        4047       331
   G      11        4046       331
   T      13        4050       331
   C      18        4048       331
   Y      13        4083       334
   T      12        4084       334
   G      14        4095       335
   T       9        4094       335
   C       9        4106       336
   G      12        4108       336
   Y      26        4118       337
   K       8        4118       337
   C      12        4119       337
   G       9        4119       337
   G      28        4165       341
   T       9        4165       341
   A       9        4176       342
   G      12        4176       342
   M      19        4187       343
   C       9        4187       343
   S      11        4199       344
   C      13        4199       344
   S      10        4210       345
   C       9        4210       345
   C      12        4222       346
   T      20        4222       346
   C       9        4245       348
   A      20        4244       348
   G      28        4267       350
   T      12        4267       350
   T       9        4279       351
   G      18        4279       351
   M      24        4290       352
   C       9        4290       352
   W      24        4301       353
   T      12        4302       353
   W      26        4324       355
   T       9        4324       355
   K      13        4335       356
   T       9        4335       356
   W      19        4348       357
   T       9        4347       357
   M      19        4358       358
   C       9        4359       358
   M      11        4370       359
   C       9        4371       359
   C      14        4381       360
   T      13        4383       360
   T       9        4393       361
   G      13        4395       361
   K      18        4406       362
   T       9        4407       362
   A       9        4416       363
   G       9        4418       363
   A      18        4440       365
   C      12        4440       365
   T      13        4451       366
   G      18        4452       366
   K      21        4463       367
   T       9        4464       367
   S      26        4486       369
   C       9        4487       369
   A      28        4509       371
   T       9        4510       371
   T      12        4522       372
   G      14        4520       372
   T      14        4557       375
   C      18        4554       375
   T      12        4578       377
   A      18        4578       377
   G      13        4590       378
   T      14        4590       378
   T       9        4601       379
   A      14        4601       379
   C       9        4613       380
   A      14        4613       380
   T      14        4636       382
   C      18        4635       382
   C      13        4647       383
   A      14        4645       383
   G       9        4692       387
   A      12        4692       387
   C      13        4704       388
   T      18        4702       388
   R       7        4714       389
   C      12        4714       389
   G       9        4714       389
   A      13        4714       389
   M      26        4759       393
   C       9        4759       393
   C      13        4772       394
   G      18        4771       394
   S      24        4783       395
   C       9        4782       395
   R      10        4794       396
   C      12        4795       396
   G      11        4796       396
   A      18        4793       396
   R      10        4805       397
   A      18        4805       397
   G      11        4807       397
   T      12        4807       397
   A       9        4815       398
   G      12        4819       398
   G      28        4829       399
   T      12        4830       399
   C      13        4850       401
   A      14        4852       401
   C      12        4863       402
   G      14        4862       402
   A      14        4873       403
   C      12        4874       403
   C      14        4885       404
   T      18        4885       404
   C       9        4896       405
   G      13        4897       405
   G      24        4920       407
   C       9        4920       407
   C      12        4932       408
   A      18        4931       408
   S      11        4941       409
   A      18        4943       409
   G      14        4941       409
   C      13        4941       409
   R       7        4952       410
   C      12        4954       410
   G       9        4952       410
   A      14        4952       410
   T      14        4966       411
   C      14        4963       411
   Y      11        4976       412
   T      13        4978       412
   A      14        4987       413
   T      12        4987       413
   A       9        5000       414
   G      14        4998       414
   M      24        5011       415
   C      12        5011       415
   A      12        5022       416
   G      18        5022       416
   K      29        5056       419
   T       9        5056       419
   A      28        5067       420
   C       9        5068       420
   M      19        5079       421
   C      12        5080       421
   G       9        5100       423
   A       9        5101       423
   T      14        5112       424
   C      14        5111       424
   T       9        5123       425
   G      13        5124       425
   Y      19        5147       427
   T      12        5147       427
   C       9        5157       428
   G      18        5159       428
   W      24        5169       429
   T      12        5170       429
   W      21        5180       430
   T       9        5182       430
   C       9        5204       432
   G      25        5202       432
   K      30        5215       433
   T       9        5216       433
   K      12        5226       434
   T       9        5225       434
   C       9        5238       435
   G      14        5237       435
   T      12        5248       436
   A      14        5249       436
   K       8        5258       437
   C      14        5260       437
   G       9        5258       437
   T      14        5259       437
   T      14        5283       439
   C      14        5282       439
   K      24        5294       440
   T       9        5294       440
   S      24        5305       441
   C       9        5306       441
   G      12        5330       443
   A      12        5327       443
   Y      13        5339       444
   T      12        5341       444
   G      14        5351       445
   T       9        5350       445
   T      12        5360       446
   G      14        5364       446
   C      18        5384       448
   T      14        5386       448
   C       9        5395       449
   G      12        5398       449
   C       9        5408       450
   G      14        5407       450
   A      28        5418       451
   T       9        5418       451
   G       9        5441       453
   A      22        5442       453
   K      24        5464       455
   T       9        5463       455
   G      18        5475       456
   C       9        5476       456
   C      14        5485       457
   T      14        5486       457
   A       9        5495       458
   G       9        5498       458
   A       7        5512       459
   G       9        5508       459
   K       6        5529       461
   G       9        5526       461
   R       9        5541       462
   G       9        5540       462
   T      13        5552       463
   C      13        5551       463
   T      13        5563       464
   C      13        5564       464
   R       9        5575       465
   A       9        5575       465
   K      10        5584       466
   T       9        5583       466
   S      13        5593       467
   C       9        5592       467
   W       8        5632       470
   A       9        5635       470
   M      30        5642       471
   A       9        5642       471
   C      11       12678      1048
   T      11       12681      1048
