# CHROMAT_FILE: LUK1-CG-UKB2_2ND_F.scf
# SOFTWARE_VERSION: TT_3.0.4beta
# NUM_ABC: 98
# NUM_SUBSTITUTIONS: 98
# NUM_DELETIONS: 0
# base2   qv2       pos2       ind2
   K       5         153         9
   T       7         151         9
   M      25         343        24
   S      13         343        24
   A       9         343        24
   G       9         342        24
   S      11         369        26
   G       9         367        26
   K      27         384        27
   G       9         383        27
   M      18         401        28
   A       9         404        28
   K      21         426        30
   T       9         423        30
   K      17         539        39
   T       9         537        39
   M      30         551        40
   C       9         549        40
   M      27         647        48
   A       9         645        48
   W      19         663        49
   A       9         664        49
   W      21         698        52
   T       9         701        52
   Y      25         779        59
   T       9         780        59
   M      17         789        60
   C       9         791        60
   W      11         801        61
   T       9         803        61
   Y      13         813        62
   T       9         816        62
   M      24         839        64
   A       9         842        64
   R      28         971        75
   A       9         970        75
   K      15        1025        79
   G       7        1029        79
   Y       8        1043        81
   T       9        1042        81
   R      30        1054        82
   G       9        1054        82
   M      17        1065        83
   A       9        1066        83
   M       8        1076        84
   C       9        1077        84
   W      17        1148        90
   A       9        1147        90
   Y      13        1173        92
   T       9        1171        92
   R      28        1209        95
   A       9        1207        95
   S      14        1251        98
   Y      10        1245        98
   G       9        1255        98
   T       9        1243        98
   S      18        1270       100
   C       9        1268       100
   M      14        1358       107
   A       7        1362       107
   R      13        1383       109
   G       7        1386       109
   S      21        1401       111
   G       9        1400       111
   S      28        1438       114
   G       9        1439       114
   R      23        1489       118
   G       9        1488       118
   S      12        1500       119
   C       9        1499       119
   W      27        1512       120
   T       9        1512       120
   Y      21        1536       122
   T       9        1537       122
   S      13        1547       123
   G       9        1549       123
   W      20        1560       124
   A       9        1563       124
   Y      13        1571       125
   T       9        1572       125
   M      13        1582       126
   C       9        1583       126
   M      13        1594       127
   C       9        1596       127
   K      14        1690       135
   T       9        1694       135
   M      18        1800       144
   A       9        1803       144
   Y      13        1811       145
   T       9        1812       145
   W      17        1835       147
   A       9        1835       147
   Y      17        1846       148
   C       9        1846       148
   A       9        1857       149
   C      28        1858       149
   M      18        3052       249
   A       9        3050       249
