# CHROMAT_FILE: LUK13-FK-R.scf
# SOFTWARE_VERSION: TT_3.0.4beta
# NUM_ABC: 408
# NUM_SUBSTITUTIONS: 408
# NUM_DELETIONS: 0
# base2   qv2       pos2       ind2
   T       7         171        12
   A       7         168        12
   K       7         228        17
   G       7         232        17
   G       9         347        26
   T       9         348        26
   W      16         413        31
   A       9         416        31
   Y      20         433        33
   T       9         433        33
   Y      17         445        34
   C       9         446        34
   W      27         453        35
   T       9         455        35
   R      13         487        38
   S      10         492        38
   K      13         487        38
   A       9         486        38
   C       7         496        38
   T       9         486        38
   W      13         499        39
   A       9         497        39
   W      20         514        40
   T       9         517        40
   M      13         524        41
   C       9         524        41
   S      13         537        42
   K      13         534        42
   C       9         539        42
   T       9         533        42
   W      16         545        43
   A       9         543        43
   K      15         571        45
   G       9         575        45
   S      12         591        47
   G       9         589        47
   W      16         602        48
   A       9         601        48
   R      18         622        49
   A       9         624        49
   M       9         635        50
   A       7         639        50
   M       8         653        52
   C       9         654        52
   K      27         665        53
   T       9         665        53
   S      21         691        55
   G       9         693        55
   K      15         717        57
   G       9         720        57
   S       8         727        58
   G       9         729        58
   S      12         750        60
   C      10         754        60
   Y      11         771        62
   T       9         770        62
   S      24         782        63
   G       9         782        63
   S      19         795        64
   G       9         796        64
   Y       8         811        66
   T       9         809        66
   K      23         824        67
   G       9         821        67
   M      16         839        68
   A       9         839        68
   S      21         913        74
   K       8         910        74
   C       9         915        74
   T       9         908        74
   Y      32         946        77
   C       9         946        77
   S      12        1007        82
   G       7        1010        82
   K      23        1027        84
   G      14        1027        84
   M      13        1053        86
   S      13        1052        86
   A       9        1055        86
   G       9        1053        86
   S      19        1135        93
   G       9        1138        93
   M      32        1180        97
   A       9        1179        97
   M      12        1190        98
   A       9        1188        98
   A       9        1214       100
   T      34        1213       100
   R      27        1249       103
   A       9        1250       103
   Y      12        1260       104
   T       9        1259       104
   Y      13        1284       106
   T       9        1285       106
   R      17        1342       111
   A       9        1342       111
   Y      17        1400       116
   T       9        1403       116
   S      16        1431       119
   G       9        1429       119
   R      14        1467       122
   A       9        1465       122
   R      21        1484       123
   A       9        1485       123
   Y      14        1659       138
   T       9        1662       138
   S      29        1764       147
   G       9        1763       147
   R      16        2034       169
   A       9        2037       169
   G      18        2462       205
   C      14        2463       205
   M      13        2511       209
   S      19        2511       209
   A      14        2512       209
   G      12        2510       209
   G      14        2536       211
   C      12        2536       211
   C      18        2548       212
   G      13        2548       212
   G      14        2573       214
   C      13        2573       214
   T      12        2609       217
   C      12        2609       217
   T      14        2622       218
   C      13        2620       218
   T      13        2645       220
   C      14        2644       220
   T      12        2657       221
   G      14        2657       221
   T      13        2682       223
   G      18        2682       223
   T      13        2695       224
   C      18        2693       224
   A      12        2726       227
   C      18        2728       227
   A      29        2750       229
   G      12        2750       229
   G      13        2787       232
   T      18        2787       232
   T      13        2799       233
   A      18        2799       233
   C      13        2820       235
   A      14        2822       235
   A      13        2832       236
   C      18        2833       236
   R      26        2844       237
   G      12        2844       237
   S      21        2857       238
   G       9        2856       238
   C      18        2869       239
   G      12        2869       239
   G      12        2881       240
   T      18        2882       240
   T      12        2894       241
   G      14        2894       241
   A      12        2908       242
   G      14        2906       242
   R      23        2918       243
   G      12        2918       243
   T      28        2930       244
   G      12        2930       244
   T      14        2943       245
   A      14        2942       245
   A      14        2954       246
   C      14        2953       246
   A      13        2975       248
   C      18        2976       248
   C      13        3011       251
   A      18        3011       251
   C      12        3023       252
   T      14        3023       252
   T      14        3036       253
   C      12        3035       253
   Y      11        3048       254
   T      12        3048       254
   Y      15        3060       255
   C      13        3060       255
   T      14        3097       258
   C      14        3095       258
   C      12        3120       260
   T      14        3121       260
   T      14        3132       261
   C      14        3132       261
   K      15        3144       262
   T      14        3144       262
   S      11        3156       263
   C      12        3155       263
   C      18        3191       266
   A      13        3189       266
   A      13        3201       267
   C      14        3201       267
   C      18        3248       271
   A      13        3247       271
   A      12        3259       272
   T      14        3260       272
   T      12        3272       273
   G      14        3271       273
   S      11        3283       274
   C      12        3284       274
   M      11        3295       275
   A      14        3295       275
   M      10        3307       276
   A      13        3307       276
   Y      11        3319       277
   C      12        3318       277
   T       9        3331       278
   G      14        3331       278
   G      13        3356       280
   C      13        3357       280
   T      13        3369       281
   C       9        3369       281
   C       9        3381       282
   T      14        3381       282
   C      14        3404       284
   A      12        3403       284
   G      14        3415       285
   A      13        3415       285
   T      13        3428       286
   G      12        3427       286
   T       9        3440       287
   G      14        3439       287
   C       9        3452       288
   G      14        3452       288
   G      13        3464       289
   C      14        3464       289
   G      18        3489       291
   C      13        3489       291
   T      14        3501       292
   C       9        3501       292
   C       9        3513       293
   T      14        3514       293
   T      14        3526       294
   C       9        3525       294
   T      14        3537       295
   C      12        3537       295
   A      18        3548       296
   C      14        3549       296
   A      13        3560       297
   T      13        3560       297
   T      14        3572       298
   C      13        3572       298
   C      14        3584       299
   T      14        3584       299
   T      14        3597       300
   G      14        3597       300
   R      17        3647       304
   G       9        3646       304
   R      11        3659       305
   G       9        3658       305
   C      14        3670       306
   G      14        3670       306
   A      14        3681       307
   C      13        3682       307
   A      28        3693       308
   G       9        3693       308
   A      14        3719       310
   G      12        3718       310
   G      12        3742       312
   R      26        3742       312
   R      26        3754       313
   G       9        3754       313
   C       9        3765       314
   A      14        3766       314
   S      29        3777       315
   G       9        3777       315
   S      27        3789       316
   G       9        3789       316
   A      13        3801       317
   C      14        3801       317
   R      17        3813       318
   G       9        3812       318
   G      25        3838       320
   C       9        3838       320
   C      14        3862       322
   A      14        3862       322
   M      11        3885       324
   A      13        3885       324
   Y      10        3897       325
   C      12        3897       325
   T      14        3909       326
   G      12        3909       326
   G      12        3921       327
   A      14        3923       327
   R      13        3935       328
   G       9        3934       328
   S      21        3947       329
   G       9        3947       329
   C      18        3959       330
   G      13        3960       330
   C      18        3972       331
   G      13        3972       331
   S      19        4031       336
   G       9        4031       336
   R       9        4043       337
   G       9        4043       337
   M      13        4056       338
   C       9        4055       338
   Y      11        4068       339
   C      12        4067       339
   Y      11        4080       340
   C      12        4080       340
   T      14        4092       341
   C      14        4092       341
   C      12        4104       342
   T      14        4104       342
   C      14        4116       343
   A      14        4115       343
   R      15        4127       344
   G       9        4127       344
   S       7        4139       345
   G       9        4139       345
   Y      10        4152       346
   C      12        4151       346
   T      14        4164       347
   C      12        4164       347
   A      14        4175       348
   C      14        4176       348
   A      14        4187       349
   T      14        4186       349
   T      14        4199       350
   C      14        4198       350
   Y      11        4223       352
   T      13        4223       352
   Y      11        4235       353
   C      13        4235       353
   T      12        4248       354
   C      14        4247       354
   C      12        4272       356
   T      14        4272       356
   T      14        4284       357
   C      14        4284       357
   T      14        4297       358
   C      14        4296       358
   T      18        4367       364
   C      14        4367       364
   G      14        4391       366
   T      14        4392       366
   G      18        4403       367
   C      12        4404       367
   A      14        4415       368
   C      14        4416       368
   A      28        4427       369
   G       9        4426       369
   T      13        4463       372
   G      18        4463       372
   G      18        4475       373
   T      12        4476       373
   G      12        4487       374
   A      14        4488       374
   C      12        4511       376
   A      18        4512       376
   T      14        4536       378
   C      14        4535       378
   T      13        4548       379
   G      14        4548       379
   T      12        4574       381
   G      14        4574       381
   K      11        4586       382
   T      12        4587       382
   S      11        4598       383
   C      12        4598       383
   T      14        4611       384
   C      13        4611       384
   C      13        4623       385
   T      14        4623       385
   T      14        4648       387
   C      14        4647       387
   T       9        4660       388
   G      14        4659       388
   G      14        4685       390
   C      12        4685       390
   A      18        4697       391
   C      14        4697       391
   R      17        4708       392
   G       9        4708       392
   C      28        4720       393
   G      12        4720       393
   A      13        4732       394
   C      14        4733       394
   A      31        4767       397
   G       9        4767       397
   G      12        4792       399
   A      21        4792       399
   R      21        4801       400
   G       9        4802       400
   R      11        4812       401
   G       9        4813       401
   A      14        4826       402
   C       9        4825       402
   A      14        4838       403
   C      14        4840       403
   M       9        4852       404
   A      12        4853       404
   Y      11        4864       405
   C      12        4864       405
   G      14        4878       406
   T      14        4877       406
   W      13        4906       408
   A      12        4909       408
   G      13        4904       408
   T      18        4904       408
   R      10        4916       409
   A       9        4917       409
   T       9        4916       409
   G      14        4916       409
   R      13        4929       410
   A       9        4929       410
