# CHROMAT_FILE: LUK12-ARCH778-F.scf.scf
# SOFTWARE_VERSION: TT_3.0.4beta
# NUM_ABC: 323
# NUM_SUBSTITUTIONS: 323
# NUM_DELETIONS: 0
# base2   qv2       pos2       ind2
   G       7         258        17
   S       4         259        17
   S       9         271        18
   C       7         270        18
   S      12         287        20
   G       7         286        20
   W      17         316        22
   A       9         319        22
   A       7         341        23
   T      13         333        23
   A       9         363        25
   T      13         359        25
   C      13         388        27
   G      12         384        27
   S      24         432        31
   G       9         431        31
   A      14         444        32
   C      14         445        32
   S      17         455        33
   G       9         455        33
   S      20         468        34
   G       9         468        34
   M       7         487        36
   R       8         489        36
   C       9         486        36
   A       9         489        36
   K      16         502        37
   G       9         500        37
   M       6         529        40
   Y       9         531        40
   A       9         529        40
   C       9         530        40
   R       9         562        43
   G       9         566        43
   R       9         624        50
   A       9         624        50
   S      17         637        51
   C      12         634        51
   W      18         650        52
   T       9         648        52
   S       8         664        53
   K      28         662        53
   C       9         665        53
   T      12         661        53
   K      13         688        55
   T       9         687        55
   R      12         700        56
   S       8         701        56
   K      13         705        56
   A       9         698        56
   C       9         700        56
   T      10         708        56
   M       8         723        58
   R      26         722        58
   C       9         722        58
   G       9         721        58
   R      27         744        60
   A       9         743        60
   K      12         778        63
   G       9         778        63
   S      17         790        64
   C       9         788        64
   M      22         802        65
   C       9         800        65
   K      17         824        67
   G       9         822        67
   M      21         835        68
   C       9         833        68
   G      12         860        70
   C      14         863        70
   C      14         905        74
   G      14         898        74
   R      19         936        77
   A       9         937        77
   R       8         961        79
   S      24         961        79
   A       9         961        79
   C      12         962        79
   R      24         973        80
   A      12         974        80
   R       8         986        81
   G       9         985        81
   G      12         998        82
   A      20         997        82
   W      20        1009        83
   T       9        1010        83
   S       8        1016        84
   G      12        1022        84
   C      18        1017        84
   Y      24        1031        85
   K       8        1029        85
   C       9        1033        85
   G       9        1029        85
   R      17        1043        86
   A       9        1044        86
   R      12        1056        87
   G       9        1057        87
   C      13        1068        88
   G      18        1068        88
   A       9        1079        89
   G      18        1081        89
   S      20        1092        90
   G       9        1091        90
   A      28        1116        92
   G       9        1115        92
   G       9        1129        93
   A      18        1128        93
   C      12        1140        94
   G      28        1139        94
   A       9        1153        95
   C      14        1150        95
   K      18        1162        96
   G       9        1163        96
   M       8        1172        97
   S      19        1175        97
   A       9        1171        97
   G       9        1176        97
   M      21        1187        98
   A       9        1189        98
   S      11        1198        99
   G       9        1200        99
   M      18        1210       100
   Y       8        1208       100
   A      12        1212       100
   T       9        1209       100
   S      11        1221       101
   G       9        1223       101
   S      24        1245       103
   G      12        1247       103
   S      11        1257       104
   G       9        1259       104
   W      14        1270       105
   A      10        1273       105
   R       8        1280       106
   G       9        1283       106
   G      12        1306       108
   C      18        1301       108
   R      15        1336       111
   G       9        1339       111
   Y       8        1346       112
   T       9        1348       112
   W      21        1389       116
   T      12        1387       116
   S      24        1401       117
   G      12        1399       117
   R      24        1413       118
   G       9        1412       118
   A      13        1438       120
   C      14        1438       120
   R       8        1449       121
   C      12        1448       121
   G       9        1448       121
   A      18        1450       121
   W      15        1459       122
   Y      12        1464       122
   A      12        1458       122
   C      11        1468       122
   R      11        1476       123
   A       9        1478       123
   S       8        1489       124
   K       8        1483       124
   C       9        1491       124
   T       9        1481       124
   S      24        1501       125
   K       8        1501       125
   C      12        1503       125
   T       9        1504       125
   R      17        1513       126
   A       9        1514       126
   R      12        1526       127
   G       9        1527       127
   G      12        1539       128
   C      14        1535       128
   K      21        1549       129
   G       9        1550       129
   K      20        1562       130
   T       9        1565       130
   A      12        1576       131
   G      14        1573       131
   C      12        1586       132
   G      14        1585       132
   S       7        1597       133
   K      11        1598       133
   C       9        1596       133
   T      12        1599       133
   W      11        1611       134
   T       9        1611       134
   G      14        1622       135
   A      14        1622       135
   S       7        1633       136
   A      12        1633       136
   C       9        1632       136
   G      12        1635       136
   R      23        1649       137
   A       9        1650       137
   K      17        1719       143
   T       9        1720       143
   M      14        1728       144
   A       9        1726       144
   W      20        1833       153
   T       9        1833       153
   R      10        1887       157
   S      19        1883       157
   A       7        1891       157
   C       9        1882       157
   M      17        1943       162
   C       9        1944       162
   S      17        1954       163
   C       9        1953       163
   R      12        1982       165
   A       9        1986       165
   S      19        2117       176
   C      11        2120       176
   S      14        2201       183
   C       9        2204       183
   Y      17        2255       188
   T       9        2253       188
   R      17        2289       191
   A       9        2288       191
   S      16        2301       192
   C       9        2299       192
   R      27        2555       213
   A       9        2555       213
   M      21        2566       214
   A       9        2565       214
   A      12        2614       218
   G      18        2614       218
   M      27        2674       223
   A       9        2674       223
   S      21        2732       228
   G       9        2731       228
   R      27        2839       237
   A       9        2839       237
   W      21        2852       238
   A       9        2852       238
   S      12        3053       255
   C       9        3052       255
   S      20        3065       256
   C       9        3063       256
   S      29        3383       283
   G       9        3382       283
   S      14        3460       289
   K      13        3455       289
   C       9        3463       289
   T       9        3453       289
   S      15        3496       292
   C       9        3500       292
   S      15        3579       299
   G       9        3582       299
   S      15        3662       306
   G       9        3665       306
   R      16        3704       310
   A       9        3702       310
   R      15        3734       312
   A       9        3737       312
   K      18        4008       335
   T       9        4011       335
   Y      35        4077       341
   C       9        4079       341
   K      13        4300       360
   T      14        4300       360
   W      18        4320       362
   T       9        4319       362
   W      31        4421       370
   A       9        4420       370
   W      14        4453       373
   T      11        4453       373
   R       7        4491       376
   A       9        4490       376
   R       8        4515       378
   A      11        4514       378
   M      11        4526       379
   Y       7        4529       379
   A      14        4526       379
   T       9        4532       379
   K      11        4540       380
   G      12        4543       380
   G      11        4609       386
   A      17        4609       386
   M       8        4669       391
   S       8        4672       391
   A      11        4668       391
   G      11        4675       391
   K       8        4692       393
   G      11        4690       393
   R       8        4706       394
   W       7        4710       394
   G      11        4705       394
   T       9        4713       394
   M      12        4721       395
   C      11        4724       395
   W      12        4733       396
   T      11        4730       396
   K      11        4755       398
   A      13        4754       398
   W      16        4756       398
   T      14        4758       398
   R       9        4796       401
   G      10        4800       401
   Y      15        4827       404
   C      14        4829       404
   Y      24        5161       432
   T      18        5159       432
   G      18        5220       437
   T      14        5225       437
   R      10        5415       453
   G      11        5411       453
   R      12        5437       455
   A      12        5435       455
   T      11        5472       458
   A      13        5477       458
   K       8        5638       472
   G      11        5636       472
   S      14        5655       473
   C      11        5657       473
   T      14        5714       478
   G      14        5715       478
   W      14        5828       487
   A      14        5825       487
   W      12        5850       489
   A       9        5853       489
   C      11        6342       530
   A      18        6342       530
