# CHROMAT_FILE: LX12-HM-R.scf
# SOFTWARE_VERSION: TT_3.0.4beta
# NUM_ABC: 2510
# NUM_SUBSTITUTIONS: 2510
# NUM_DELETIONS: 0
# base2   qv2       pos2       ind2
   M       5          17         1
   S       5          17         1
   A       7          18         1
   G       7          18         1
   M       5          27         2
   A       7          28         2
   M       6          41         4
   S       6          39         4
   Y       6          41         4
   A       9          42         4
   G       9          39         4
   T       9          43         4
   S       6          50         5
   G       9          51         5
   M       7          57         6
   C       9          57         6
   M       5          67         7
   S       7          64         7
   A       7          71         7
   C       9          64         7
   S       7          75         8
   Y       6          75         8
   T       9          74         8
   C       9          76         8
   M       6          85         9
   S       6          85         9
   A       9          86         9
   G       9          87         9
   A       7          97        11
   G       7          98        11
   W       4         106        12
   Y       4         107        12
   K       4         107        12
   A       7         107        12
   C       7         110        12
   G       7         110        12
   Y       4         116        13
   C       7         116        13
   R       4         122        14
   S       4         121        14
   G       7         125        14
   A       9         124        14
   W       6         132        15
   Y       7         131        15
   K       7         131        15
   A       9         134        15
   T       9         132        15
   C      13         131        15
   R       7         141        16
   G       9         141        16
   G       9         149        17
   A       9         151        17
   Y       6         167        19
   T       9         165        19
   Y      12         171        19
   C       9         169        19
   S       8         187        21
   Y       6         185        21
   T       9         185        21
   C       9         186        21
   R      12         200        22
   K       8         196        22
   A       9         201        22
   T       9         194        22
   R       7         207        23
   A       9         208        23
   S       9         216        24
   G       9         215        24
   R       6         223        25
   G       9         225        25
   M       6         233        26
   S       5         234        26
   A       9         232        26
   G       7         235        26
   K       6         242        27
   G       9         245        27
   M       6         249        28
   A       9         248        28
   M       6         263        30
   S       6         262        30
   Y       6         263        30
   A       9         264        30
   G       9         263        30
   T       9         265        30
   K       5         274        31
   G       7         275        31
   R       9         280        32
   G       9         283        32
   W       6         289        33
   Y       6         288        33
   K       6         290        33
   A       9         288        33
   C       9         286        33
   G       9         289        33
   Y      12         296        34
   K       6         298        34
   C       9         296        34
   G       7         299        34
   R      18         311        36
   W       8         313        36
   G       9         312        36
   T       9         315        36
   M      11         321        37
   A       9         320        37
   M       7         328        38
   A       9         330        38
   T       9         327        38
   C      14         327        38
   S      12         335        39
   G       9         334        39
   W      11         340        40
   G      13         341        40
   T       9         340        40
   A      13         340        40
   G       9         350        41
   C       9         348        41
   W       6         355        42
   T       9         357        42
   S       6         366        43
   G       9         366        43
   S       6         377        44
   G       9         378        44
   S       7         390        45
   Y       7         390        45
   G       9         390        45
   T       9         389        45
   R       6         400        46
   G       9         402        46
   W       6         406        47
   Y       6         409        47
   K       6         407        47
   A       9         406        47
   C       9         412        47
   G       9         408        47
   W       6         417        48
   Y       5         420        48
   K       6         420        48
   A       9         417        48
   C       7         423        48
   G       9         422        48
   M       5         441        50
   A       7         443        50
   S       6         447        51
   G       9         447        51
   M       5         461        52
   S       5         460        52
   Y       5         460        52
   A       7         463        52
   G       7         462        52
   T       7         462        52
   S       8         469        53
   G       9         471        53
   W       6         479        54
   K       5         480        54
   A       9         479        54
   G       7         481        54
   S       6         485        55
   G       7         488        55
   G       9         496        57
   A       9         498        57
   Y       5         518        59
   T       7         522        59
   S      14         525        60
   G       9         524        60
   R      16         532        61
   A       9         532        61
   S      18         540        62
   G       9         541        62
   K       6         549        63
   C       9         551        63
   G       9         550        63
   T       9         549        63
   R      11         559        64
   K       9         564        64
   A      13         558        64
   T      14         558        64
   G      13         561        64
   M       7         574        65
   Y      13         575        65
   A       9         575        65
   T       9         576        65
   M       8         583        66
   S      11         582        66
   Y       8         583        66
   A       9         585        66
   G       9         582        66
   T       9         585        66
   M       6         591        67
   S       6         591        67
   A       9         592        67
   G       9         592        67
   S       6         601        68
   G       9         600        68
   M       6         610        69
   A       9         610        69
   A       9         620        70
   T       9         615        70
   A       7         627        71
   T       9         626        71
   A      13         633        72
   C       9         631        72
   Y      11         655        74
   T       7         658        74
   Y      10         663        75
   T       9         666        75
   W       6         674        76
   T       9         672        76
   C       9         670        76
   A       9         673        76
   R       5         679        77
   K       5         681        77
   A       9         681        77
   S       9         678        77
   T       9         685        77
   G       7         678        77
   R       7         709        80
   K       7         707        80
   A       9         712        80
   T       9         708        80
   W      10         730        82
   K       8         727        82
   A       7         723        82
   G       9         728        82
   Y       5         740        83
   C       7         741        83
   W       4         749        84
   A       7         750        84
   W       5         764        86
   Y       4         762        86
   K       4         765        86
   C       7         761        86
   G       7         767        86
   T       7         764        86
   Y      13         788        88
   K       6         789        88
   C      13         789        88
   G       7         791        88
   W       6         795        89
   K       6         797        89
   A       9         794        89
   G       9         798        89
   Y       6         810        90
   C       9         811        90
   R       9         819        91
   G       7         821        91
   Y       6         828        92
   T       9         832        92
   W       6         837        93
   K       6         836        93
   A       9         836        93
   G       9         833        93
   Y       6         853        95
   T       9         852        95
   C       9         864        96
   G       9         863        96
   W       7         875        97
   K       8         876        97
   A      12         873        97
   T       9         878        97
   W      12         888        98
   K       8         888        98
   A       9         888        98
   G       9         889        98
   W       8         900        99
   Y       7         900        99
   C       9         901        99
   T       9         899        99
   R       6         910       100
   G       9         909       100
   W       4         920       101
   Y       4         916       101
   T       7         924       101
   C       7         916       101
   W       6         932       102
   K       5         930       102
   A       9         933       102
   G       7         929       102
   W       6         958       104
   A       9         956       104
   M       6         973       105
   R       6         972       105
   C       9         973       105
   G       9         970       105
   Y       8         987       106
   W      16         986       106
   C       9         988       106
   T       9         987       106
   Y       9        1005       107
   C       9        1006       107
   M       6        1016       108
   R       6        1017       108
   C       9        1014       108
   G       9        1017       108
   S       6        1040       110
   C       9        1040       110
   G       9        1040       110
   T       9        1040       110
   W       8        1056       111
   T       9        1055       111
   T       9        1071       112
   C      12        1069       112
   S      11        1078       113
   G       9        1077       113
   M       7        1091       114
   S       8        1089       114
   Y       8        1086       114
   A       9        1096       114
   G       9        1093       114
   T       9        1086       114
   M       6        1107       115
   S       6        1107       115
   Y      10        1103       115
   A       7        1110       115
   G       7        1110       115
   T       9        1102       115
   Y      12        1113       116
   C       9        1112       116
   S       7        1133       117
   G       9        1137       117
   Y       6        1145       118
   T       9        1146       118
   K       6        1154       119
   T       9        1155       119
   R       6        1203       122
   W       6        1202       122
   G       9        1205       122
   A       9        1201       122
   R       6        1229       124
   W       6        1229       124
   G       9        1227       124
   T       9        1227       124
   Y       6        1257       127
   C       9        1258       127
   M       6        1273       128
   R       6        1271       128
   W       6        1271       128
   C       9        1274       128
   G       9        1269       128
   T       9        1270       128
   M       6        1281       129
   R       6        1285       129
   W       6        1281       129
   C       9        1282       129
   G       9        1289       129
   T       9        1281       129
   M       6        1294       130
   R       6        1297       130
   W       6        1294       130
   C       9        1292       130
   G       9        1297       130
   T       9        1291       130
   M       5        1310       131
   R       6        1309       131
   W       6        1309       131
   C       7        1313       131
   G       9        1311       131
   T       9        1312       131
   M       6        1319       132
   C       9        1322       132
   R       6        1328       133
   S       9        1333       133
   A       9        1326       133
   C       9        1332       133
   R       6        1359       135
   S       6        1358       135
   A       9        1357       135
   C       9        1355       135
   T      13        1355       135
   G       9        1361       135
   M       5        1375       136
   C       7        1378       136
   W       7        1385       137
   Y       5        1389       137
   K       7        1383       137
   A       9        1385       137
   C       7        1393       137
   T       9        1386       137
   R       6        1398       138
   S       6        1402       138
   K       6        1402       138
   A       9        1397       138
   C       9        1404       138
   T       9        1405       138
   W       6        1412       139
   A       9        1411       139
   Y       6        1423       140
   C       9        1423       140
   R       6        1437       141
   S       6        1441       141
   K       6        1443       141
   A       9        1435       141
   C       9        1442       141
   T       9        1447       141
   R       6        1454       142
   S       6        1456       142
   A       9        1452       142
   C       9        1457       142
   W       6        1468       143
   Y       6        1467       143
   A       9        1466       143
   C       9        1465       143
   W       6        1484       144
   A       9        1489       144
   W       5        1500       145
   Y       6        1498       145
   K       6        1496       145
   A       7        1504       145
   C       9        1500       145
   G       9        1495       145
   R       6        1522       147
   S       6        1526       147
   A       9        1520       147
   C       9        1527       147
   W       6        1536       148
   K       6        1537       148
   A       9        1536       148
   G       9        1539       148
   M       6        1550       149
   R       6        1546       149
   W       6        1550       149
   C       9        1554       149
   G       9        1545       149
   T       9        1553       149
   S       7        1564       150
   K       5        1565       150
   C       9        1565       150
   T       7        1567       150
   R       6        1576       151
   A       9        1579       151
   W       6        1592       152
   K       8        1587       152
   A       7        1596       152
   C       9        1583       152
   G       9        1587       152
   T       9        1588       152
   S       5        1606       153
   K       6        1600       153
   C       7        1609       153
   T       9        1597       153
   R       6        1614       154
   A       9        1614       154
   W       6        1628       155
   Y       6        1629       155
   K       6        1629       155
   A       9        1627       155
   C       9        1629       155
   G       9        1630       155
   S       6        1643       156
   C       9        1647       156
   R       6        1653       157
   S       6        1655       157
   A       9        1652       157
   C       9        1655       157
   K      10        1655       157
   G       9        1655       157
   W       6        1671       158
   Y       8        1666       158
   A       7        1675       158
   C       9        1666       158
   Y       7        1680       159
   K       7        1680       159
   C       9        1679       159
   G       9        1679       159
   W       6        1691       160
   Y       5        1690       160
   K       6        1692       160
   A       9        1691       160
   C       7        1688       160
   G       9        1692       160
   S       5        1711       161
   K       7        1705       161
   C       7        1714       161
   T       7        1702       161
   K       9        1724       162
   A       9        1721       162
   R      10        1721       162
   G       9        1722       162
   R       8        1734       163
   K      11        1733       163
   A       9        1737       163
   T       9        1734       163
   W      10        1749       164
   K       8        1742       164
   A      10        1753       164
   G       7        1740       164
   W       6        1764       165
   K       7        1761       165
   A       7        1766       165
   G       9        1760       165
   T      14        1774       166
   G      13        1771       166
   K      11        1784       167
   T       7        1787       167
   Y       6        1794       168
   C       7        1792       168
   S      10        1980       182
   C       9        1979       182
   K      11        2002       184
   T       9        2003       184
   R      13        2010       185
   A       9        2008       185
   W       6        2035       187
   Y       6        2034       187
   K       6        2033       187
   A       9        2036       187
   C       9        2033       187
   G       9        2031       187
   W       7        2057       189
   K       7        2061       189
   A       9        2059       189
   G       9        2066       189
   W       7        2070       190
   Y       5        2077       190
   A       9        2067       190
   C       7        2080       190
   R       4        2086       191
   A       7        2087       191
   S       4        2101       192
   C       7        2105       192
   T       7        2098       192
   G       7        2098       192
   S       4        2115       193
   G       7        2116       193
   W       4        2130       195
   Y       4        2134       195
   K       4        2131       195
   A       7        2132       195
   C       7        2139       195
   G       7        2134       195
   M       5        2153       196
   R       4        2150       196
   C       7        2155       196
   G       7        2150       196
   K       4        2161       197
   G       7        2160       197
   M       5        2179       198
   C       7        2177       198
   W       6        2187       199
   K       6        2190       199
   A       9        2188       199
   G       9        2195       199
   W       6        2201       200
   A       9        2197       200
   M       6        2224       201
   S       6        2221       201
   Y       6        2220       201
   A       9        2224       201
   G       9        2219       201
   T       9        2216       201
   W       7        2234       202
   K       8        2234       202
   A       9        2235       202
   T       9        2234       202
   R       4        2244       203
   S       4        2244       203
   A       7        2244       203
   C       7        2245       203
   R       4        2262       204
   K       4        2262       204
   A       7        2258       204
   T       7        2258       204
   M       4        2313       208
   C       7        2314       208
   K       5        2386       213
   T       7        2388       213
   K       6        2396       214
   T       9        2398       214
   W      10        2433       216
   Y      12        2426       216
   K       7        2433       216
   A       9        2438       216
   C       9        2424       216
   G       9        2439       216
   K       8        2449       217
   C      13        2441       217
   G      10        2449       217
   T      13        2449       217
   K       7        2460       218
   T       7        2462       218
   M       8        2477       219
   Y       5        2485       219
   A      10        2473       219
   T       7        2489       219
   Y       9        2499       220
   K       8        2502       220
   C       9        2498       220
   G       9        2497       220
   T       9        2500       220
   Y       6        2510       221
   C       7        2509       221
   W       8        2528       222
   Y       8        2520       222
   K      10        2522       222
   A      10        2533       222
   C       7        2518       222
   T      10        2522       222
   W       7        2538       223
   T       9        2534       223
   S       6        2549       224
   C       9        2552       224
   R       9        2564       225
   S       8        2561       225
   K       5        2567       225
   A      11        2565       225
   C       7        2558       225
   T       7        2571       225
   R       5        2584       226
   S       5        2584       226
   K       5        2584       226
   A       7        2587       226
   C       7        2587       226
   T       7        2588       226
   R       6        2598       227
   A       9        2599       227
   R       6        2613       228
   S       6        2610       228
   K       6        2616       228
   A       9        2614       228
   C       9        2608       228
   T       9        2619       228
   Y       6        2628       229
   K       6        2632       229
   C       9        2624       229
   G       9        2632       229
   R       6        2642       230
   A       9        2641       230
   R       6        2662       231
   K       5        2659       231
   A       9        2662       231
   T       7        2655       231
   M       6        2674       232
   R       6        2673       232
   W       6        2674       232
   C       9        2671       232
   M      12        2680       232
   G       9        2671       232
   T       9        2671       232
   A       9        2676       232
   R      11        2689       233
   W       9        2689       233
   G       7        2689       233
   T       7        2688       233
   S       7        2699       234
   Y       5        2697       234
   M      12        2705       234
   G       9        2700       234
   T       7        2696       234
   C      11        2698       234
   M       8        2714       235
   C       9        2713       235
   K       7        2748       237
   T       9        2753       237
   R      12        2759       238
   A       9        2757       238
   R       8        2771       239
   C      12        2779       239
   G      11        2771       239
   A      12        2771       239
   R      17        2788       240
   A      12        2787       240
   M      10        2799       241
   R      10        2799       241
   C       9        2797       241
   G       9        2797       241
   S       8        2815       242
   K       8        2818       242
   A       9        2822       242
   C       9        2817       242
   T       9        2822       242
   G      13        2814       242
   S       6        2830       243
   K       6        2832       243
   C       9        2829       243
   T       9        2833       243
   R       6        2844       244
   S       6        2846       244
   A       9        2841       244
   C       9        2845       244
   M       7        2863       245
   R       7        2861       245
   C       9        2861       245
   G       9        2858       245
   M      10        2879       246
   R      10        2876       246
   C       7        2882       246
   G       9        2877       246
   G      12        2888       247
   A      14        2886       247
   S      11        2904       248
   A      12        2898       248
   C       9        2895       248
   G      14        2901       248
   W      13        2915       249
   Y       8        2917       249
   K       8        2918       249
   A       9        2914       249
   C       9        2917       249
   G       9        2919       249
   S      13        2929       250
   Y       8        2927       250
   G      11        2932       250
   T       9        2926       250
   R       8        2939       251
   S      11        2942       251
   K       8        2939       251
   A       9        2939       251
   C       9        2937       251
   T       9        2939       251
   R      11        2951       252
   S       7        2953       252
   A       9        2951       252
   C       9        2955       252
   R       9        2963       253
   K       8        2961       253
   A       9        2964       253
   T       9        2960       253
   M       8        2974       254
   R       9        2975       254
   C      11        2974       254
   G       9        2976       254
   K       7        2984       255
   S      10        2987       255
   T       9        2984       255
   G       9        2985       255
   R       5        2995       256
   K      11        2994       256
   A       9        2996       256
   T       7        2994       256
   M       8        3007       257
   S       7        3004       257
   A       7        3011       257
   G       7        3005       257
   M       9        3024       258
   R       8        3019       258
   W       6        3019       258
   C      10        3018       258
   G      10        3017       258
   T       7        3017       258
   A      10        3021       258
   W      10        3040       259
   Y       7        3036       259
   K       5        3034       259
   C      10        3036       259
   G       7        3031       259
   T      10        3037       259
   Y       5        3057       261
   T       7        3059       261
   W      11        3066       262
   A       9        3064       262
   R       4        3088       264
   K       4        3084       264
   A       7        3090       264
   T       7        3081       264
   S       5        3113       266
   Y       6        3110       266
   G       7        3116       266
   T       9        3110       266
   W       6        3120       267
   T       9        3120       267
   W       6        3131       268
   T       9        3130       268
   M       6        3142       269
   W       6        3142       269
   C       9        3143       269
   T       9        3143       269
   M       6        3152       270
   R       6        3152       270
   C       9        3152       270
   G       9        3152       270
   M       6        3164       271
   R       6        3162       271
   C       9        3166       271
   G       9        3163       271
   R       6        3172       272
   W       6        3170       272
   G       9        3173       272
   T       9        3169       272
   R      10        3182       273
   G       9        3183       273
   S       6        3190       274
   Y       4        3188       274
   T       7        3189       274
   C       7        3187       274
   M       5        3200       275
   W      11        3204       275
   C       7        3197       275
   T       7        3205       275
   S       5        3207       276
   C       7        3207       276
   R       8        3214       277
   S       8        3215       277
   A      10        3214       277
   C      10        3215       277
   M       7        3229       278
   R       5        3233       278
   W       8        3230       278
   C       7        3226       278
   G       7        3233       278
   A      10        3232       278
   Y       9        3238       279
   K       6        3241       279
   C       9        3238       279
   G       7        3244       279
   M      11        3252       280
   S       7        3252       280
   Y       8        3248       280
   A      12        3257       280
   G       9        3256       280
   T      11        3249       280
   M       7        3261       281
   R       7        3263       281
   W       7        3261       281
   C       9        3258       281
   G       9        3262       281
   T       9        3258       281
   W      11        3266       281
   S       9        3277       282
   K       7        3279       282
   C       9        3276       282
   T       9        3279       282
   C      13        3291       283
   Y      12        3292       283
   T      12        3292       283
   S      19        3291       283
   R       8        3297       284
   M       9        3299       284
   G       9        3298       284
   A       9        3296       284
   M       8        3315       285
   Y      15        3313       285
   A       9        3318       285
   G      12        3317       285
   T       9        3314       285
   C      18        3312       285
   Y      13        3324       286
   T       9        3324       286
   Y       7        3335       287
   G      12        3335       287
   T       9        3337       287
   C      12        3334       287
   R       9        3343       288
   A      14        3345       288
   G       9        3342       288
   T      12        3346       288
   S       9        3355       289
   A      13        3352       289
   G       9        3353       289
   C      13        3357       289
   G      14        3365       290
   K       8        3363       290
   A      12        3367       290
   T       9        3363       290
   S       7        3374       291
   Y       7        3374       291
   T      12        3376       291
   C       9        3373       291
   R      11        3388       292
   S      10        3386       292
   A       9        3382       292
   C       9        3385       292
   S       6        3398       293
   Y       6        3396       293
   A       9        3400       293
   G       9        3400       293
   T       9        3396       293
   C       9        3395       293
   Y      14        3405       294
   A      13        3410       294
   T       9        3405       294
   C      13        3406       294
   M       8        3430       296
   C       7        3431       296
   R       5        3440       297
   K       5        3439       297
   G       7        3439       297
   T       9        3439       297
   M       6        3449       298
   Y       6        3447       298
   T       9        3450       298
   A       9        3453       298
   S       5        3464       299
   G       7        3466       299
   W       6        3472       300
   K       6        3472       300
   A       9        3473       300
   G       9        3473       300
   W       7        3482       301
   K      10        3485       301
   A       9        3480       301
   Y      14        3483       301
   G       9        3486       301
   T       9        3484       301
   M       8        3494       302
   W      13        3493       302
   C       9        3494       302
   T       9        3493       302
   R       6        3507       303
   C       9        3503       303
   G       9        3508       303
   A       9        3506       303
   S      10        3515       304
   Y      11        3513       304
   M      12        3514       304
   G       7        3518       304
   T       9        3513       304
   C       9        3513       304
   S       6        3524       305
   Y       6        3523       305
   G       9        3527       305
   T       9        3524       305
   R       5        3539       306
   W       6        3537       306
   G       7        3540       306
   A       9        3536       306
   M       6        3545       307
   W       6        3546       307
   C       9        3544       307
   T       9        3545       307
   M       6        3560       308
   R       6        3558       308
   W       6        3556       308
   C       9        3562       308
   G       9        3558       308
   T       9        3555       308
   M       9        3583       310
   A       9        3587       310
   S      13        3592       311
   K       7        3595       311
   C      13        3590       311
   T       9        3596       311
   M       6        3609       312
   S       7        3604       312
   Y       6        3607       312
   A       9        3611       312
   G      12        3602       312
   T       9        3607       312
   C       9        3607       312
   M       9        3618       313
   A       9        3620       313
   G      12        3620       313
   C      14        3617       313
   R      13        3633       314
   K       7        3631       314
   A       9        3635       314
   T       9        3632       314
   Y       5        3647       315
   T       7        3651       315
   M       6        3655       316
   R       6        3656       316
   W       6        3657       316
   C       9        3653       316
   G       9        3655       316
   T       9        3657       316
   M       5        3673       317
   W       6        3670       317
   C       7        3674       317
   T       9        3667       317
   M       6        3684       318
   C       9        3688       318
   S       6        3695       319
   K       6        3696       319
   C       9        3694       319
   T       9        3696       319
   S       4        3711       321
   Y       4        3710       321
   G       7        3713       321
   T       7        3711       321
   R       7        3725       322
   W       7        3724       322
   G       7        3725       322
   T       7        3723       322
   M       9        3742       324
   R       5        3740       324
   C       7        3746       324
   G       7        3742       324
   Y       5        3755       325
   T       7        3751       325
   W       5        3764       326
   A       7        3767       326
   R       4        3777       327
   G       7        3773       327
   A       7        3777       327
   C       7        3771       327
   R       4        3789       328
   K       4        3786       328
   A       7        3790       328
   S       8        3785       328
   T       7        3785       328
   G       7        3787       328
   Y       5        3798       329
   T       7        3797       329
   M       6        3805       330
   R       6        3804       330
   C       9        3808       330
   G       9        3805       330
   R       6        3815       331
   S       6        3818       331
   K       6        3813       331
   A       9        3815       331
   C       9        3820       331
   T       9        3811       331
   R       6        3826       332
   S       6        3828       332
   K       6        3829       332
   A       9        3825       332
   C       9        3829       332
   T       9        3831       332
   M       6        3842       333
   W       5        3842       333
   C       9        3843       333
   T       7        3844       333
   M       6        3851       334
   R       6        3851       334
   C       9        3853       334
   G       9        3852       334
   M       6        3861       335
   S       6        3861       335
   A       9        3859       335
   G       9        3859       335
   M       6        3871       336
   Y       6        3869       336
   A       9        3872       336
   T       9        3869       336
   M       6        3881       337
   S       6        3877       337
   Y       6        3878       337
   A       9        3885       337
   G       9        3876       337
   T       9        3878       337
   Y       6        3893       338
   T       9        3893       338
   M       5        3899       339
   R       6        3899       339
   W       4        3899       339
   C       9        3901       339
   T       7        3902       339
   A       7        3897       339
   R       9        3910       340
   K       6        3908       340
   A       9        3914       340
   T       9        3910       340
   S       5        3925       341
   K       8        3925       341
   C       7        3927       341
   T       9        3918       341
   S       7        3937       342
   G       9        3940       342
   R       9        3949       343
   W      10        3946       343
   G      11        3951       343
   A      12        3945       343
   W      11        3955       344
   A      13        3954       344
   S       9        3970       345
   K       7        3967       345
   S      10        3967       345
   C      11        3972       345
   T       9        3965       345
   G       9        3969       345
   R       7        3976       346
   S      10        3978       346
   K       6        3979       346
   A       9        3976       346
   C       9        3980       346
   T       7        3982       346
   M       6        3988       347
   R       6        3986       347
   W       6        3990       347
   C       9        3990       347
   G       9        3986       347
   T       9        3993       347
   M       6        4002       348
   R       6        4004       348
   W       6        4002       348
   C       9        4000       348
   G       9        4003       348
   T       9        3999       348
   M       5        4017       349
   R       7        4013       349
   C       7        4020       349
   G       9        4013       349
   M       5        4031       350
   W       7        4026       350
   C       7        4033       350
   T       7        4034       350
   A       9        4029       350
   M       6        4040       351
   W       5        4040       351
   C       9        4042       351
   T       7        4043       351
   M       6        4050       352
   R       6        4049       352
   W       6        4051       352
   C       9        4052       352
   G       9        4049       352
   T       9        4053       352
   M      10        4066       353
   S       9        4060       353
   Y      11        4064       353
   A      13        4070       353
   G       9        4058       353
   T      12        4065       353
   Y       9        4075       354
   W      11        4080       354
   C       9        4074       354
   A      14        4077       354
   M       8        4091       355
   W       9        4086       355
   C      10        4094       355
   R      11        4086       355
   T       9        4084       355
   G      12        4088       355
   R       6        4098       356
   G       9        4099       356
   M       7        4108       357
   S       7        4109       357
   A       9        4106       357
   G       9        4117       357
   C       9        4111       357
   R       4        4125       358
   A       7        4125       358
   K      11        4132       359
   G       7        4134       359
   R      11        4153       361
   G       9        4157       361
   K       6        4166       362
   T       7        4166       362
   S       4        4181       363
   K       4        4182       363
   C       7        4183       363
   T       7        4184       363
   W       5        4196       364
   K       6        4192       364
   A       7        4198       364
   G       9        4190       364
   R       7        4204       365
   K      10        4203       365
   A       9        4206       365
   C       9        4203       365
   T       9        4203       365
   G      13        4203       365
   R      11        4213       366
   A       9        4216       366
   T      14        4215       366
   G      14        4211       366
   W       9        4228       367
   K       7        4223       367
   A       7        4231       367
   G       9        4222       367
   C      12        4237       368
   T      14        4236       368
   M       7        4244       369
   S      10        4244       369
   Y       7        4250       369
   A       9        4243       369
   G       9        4243       369
   T       9        4254       369
   S       9        4262       370
   Y       9        4266       370
   G      13        4268       370
   T       9        4268       370
   M      10        4276       371
   W       9        4276       371
   T       9        4281       371
   A      12        4272       371
   W      15        4289       372
   K       6        4287       372
   A       9        4289       372
   G       7        4285       372
   S       8        4298       373
   G       9        4296       373
   R       7        4315       374
   S       9        4312       374
   K       7        4313       374
   A       9        4316       374
   C       9        4310       374
   T       9        4311       374
   G      12        4315       374
   W      12        4330       375
   K       8        4328       375
   A      12        4331       375
   G       9        4327       375
   S       7        4343       376
   Y      11        4341       376
   G       9        4346       376
   T      12        4341       376
   Y       9        4351       377
   K       7        4353       377
   Y      10        4357       377
   C      12        4349       377
   G       9        4353       377
   T       9        4353       377
   M       7        4374       378
   R       9        4369       378
   W       7        4370       378
   C       9        4377       378
   G       7        4366       378
   T       9        4369       378
   M       5        4389       379
   S       6        4384       379
   Y       6        4385       379
   A       7        4392       379
   G       9        4382       379
   T       9        4385       379
   R       6        4401       380
   S       6        4396       380
   K       6        4396       380
   A       9        4404       380
   C       9        4394       380
   T       9        4394       380
   R       6        4413       381
   S       6        4410       381
   K       6        4411       381
   A       9        4414       381
   C       9        4407       381
   T       9        4409       381
   W       6        4426       382
   A       9        4428       382
   R      10        4437       383
   K       6        4443       383
   A       9        4436       383
   T       7        4447       383
   M       6        4454       384
   S       6        4455       384
   A       9        4455       384
   G       9        4458       384
   M       7        4471       385
   S       7        4471       385
   Y       7        4469       385
   G      12        4473       385
   T       9        4470       385
   C       9        4469       385
   R       7        4482       386
   S       7        4485       386
   K       8        4485       386
   A       7        4481       386
   C       9        4486       386
   T       9        4487       386
   W       8        4503       387
   T       9        4502       387
   M       7        4512       388
   Y       9        4515       388
   A       9        4513       388
   T      11        4519       388
   R       9        4523       389
   W       7        4524       389
   M      10        4533       389
   C      12        4523       389
   T       9        4525       389
   G      12        4524       389
   R       7        4539       390
   A       9        4539       390
   M       7        4554       391
   S       7        4554       391
   Y       7        4553       391
   A       9        4547       391
   G       9        4557       391
   T       9        4555       391
   C       9        4551       391
   Y      10        4567       392
   K       8        4564       392
   W      14        4565       392
   C      11        4571       392
   G       9        4565       392
   T      13        4564       392
   R      15        4577       393
   S       6        4578       393
   K       8        4574       393
   A       9        4578       393
   C       7        4580       393
   T       9        4573       393
   K       6        4589       394
   A      14        4588       394
   G       9        4593       394
   T       9        4585       394
   M      10        4599       395
   S       7        4602       395
   Y       7        4602       395
   A       9        4597       395
   G       9        4602       395
   T       9        4603       395
   S       6        4611       396
   G       9        4609       396
   M       9        4633       397
   R       6        4631       397
   W       5        4634       397
   A       9        4636       397
   G       9        4632       397
   T       7        4639       397
   M       8        4644       398
   S       9        4644       398
   A       7        4642       398
   G      10        4642       398
   R       5        4660       399
   G       7        4661       399
   W       7        4675       400
   T       9        4677       400
   Y       6        4687       401
   K       9        4692       401
   C       9        4686       401
   G       9        4689       401
   T       9        4688       401
   M       8        4704       402
   W       8        4705       402
   A      11        4706       402
   T       9        4708       402
   M       9        4716       403
   Y       8        4723       403
   A      10        4713       403
   T      10        4727       403
   M      11        4732       404
   S       6        4738       404
   Y      11        4737       404
   A       9        4739       404
   G       7        4741       404
   T      13        4739       404
   C      12        4735       404
   W       9        4748       405
   Y       7        4745       405
   K      11        4747       405
   A       9        4750       405
   C       9        4744       405
   G       9        4748       405
   R      11        4759       406
   S       7        4756       406
   K      11        4757       406
   A       9        4760       406
   C       9        4755       406
   T       9        4757       406
   W      11        4770       407
   Y       9        4767       407
   K      11        4770       407
   A      13        4772       407
   C       9        4766       407
   T      12        4768       407
   M      11        4781       408
   S      10        4781       408
   Y      10        4779       408
   G      12        4785       408
   T      13        4781       408
   C      13        4778       408
   R      11        4793       409
   K       9        4791       409
   A      14        4794       409
   T      10        4790       409
   R       6        4811       410
   A       7        4815       410
   W       5        4824       411
   Y       5        4827       411
   K       8        4824       411
   A       7        4825       411
   C       7        4831       411
   G       7        4825       411
   M       6        4836       412
   A       9        4835       412
   M       4        4845       413
   R       4        4842       413
   A       7        4847       413
   G       7        4842       413
   K       6        4857       414
   G       9        4858       414
   W       6        4871       415
   Y       6        4875       415
   A       9        4872       415
   C       9        4880       415
   S       6        4891       416
   C       9        4893       416
   G      13        4901       417
   A      13        4903       417
   Y       6        4918       418
   K       5        4924       418
   C       9        4916       418
   G       7        4928       418
   R       6        4935       419
   W       6        4933       419
   G       9        4935       419
   T       9        4932       419
   M       6        4945       420
   S       6        4946       420
   A       9        4944       420
   G       9        4945       420
   M       7        4963       421
   S       7        4963       421
   A       9        4965       421
   G       9        4965       421
   R       6        4976       422
   K       6        4974       422
   A       9        4977       422
   T       9        4973       422
   R       7        4998       424
   A      13        4998       424
   G       9        4997       424
   T      13        4997       424
   R       6        5010       425
   G       9        5012       425
   W      10        5008       425
   A       9        5009       425
   W       7        5020       426
   Y       7        5018       426
   K      10        5020       426
   A       9        5022       426
   C       9        5018       426
   G      13        5022       426
   Y       6        5028       427
   K       6        5032       427
   C       9        5027       427
   G       9        5034       427
   M       6        5042       428
   R       6        5041       428
   C       9        5043       428
   G       9        5041       428
   M       4        5062       430
   R       4        5064       430
   W       4        5063       430
   C       7        5060       430
   G       7        5063       430
   T       7        5062       430
   R       4        5074       431
   W       5        5073       431
   G       7        5075       431
   A       7        5072       431
   Y       6        5083       432
   K       7        5083       432
   C       9        5087       432
   T       9        5087       432
   M       6        5105       434
   R       6        5111       434
   W       6        5111       434
   C       9        5104       434
   G       9        5116       434
   T       9        5117       434
   W       6        5140       436
   Y       6        5136       436
   K       6        5139       436
   A       9        5143       436
   C       9        5136       436
   G       9        5141       436
   M       6        5151       437
   S       6        5156       437
   Y       6        5154       437
   A       9        5148       437
   G       9        5159       437
   T       9        5155       437
   W       6        5170       438
   K       6        5168       438
   A       9        5171       438
   G       9        5167       438
   R       6        5181       439
   S       6        5181       439
   K       6        5185       439
   A       9        5179       439
   C       9        5180       439
   T       9        5188       439
   Y       8        5201       440
   T       9        5203       440
   M       8        5210       441
   S      12        5210       441
   Y      14        5213       441
   A       9        5208       441
   G       9        5208       441
   T       9        5213       441
   S      10        5222       442
   C      12        5223       442
   R      10        5236       443
   S      10        5238       443
   K       9        5239       443
   A       9        5235       443
   C      11        5240       443
   T      10        5242       443
   R      11        5247       444
   A       9        5247       444
   R      11        5267       445
   S      11        5263       445
   A      12        5268       445
   C       9        5261       445
   W       5        5279       446
   Y       8        5279       446
   K       8        5282       446
   A       7        5278       446
   W       8        5283       446
   C       7        5278       446
   G       7        5275       446
   T       7        5280       446
   R       9        5294       447
   G       7        5293       447
   Y       4        5316       449
   K       4        5311       449
   T       7        5321       449
   G       7        5311       449
   M       5        5327       450
   S       6        5329       450
   Y       5        5327       450
   A       7        5323       450
   G       9        5327       450
   T       7        5323       450
   M       6        5341       451
   S       6        5340       451
   A       9        5341       451
   G       9        5339       451
   W       6        5358       452
   K       6        5357       452
   A       9        5360       452
   G       9        5357       452
   Y       5        5391       454
   M       9        5385       454
   T       7        5395       454
   C       7        5387       454
   M       8        5406       455
   S       8        5401       455
   Y       8        5404       455
   A       7        5399       455
   G       7        5399       455
   T       7        5406       455
   M       4        5418       456
   Y       4        5416       456
   A       7        5420       456
   T       7        5416       456
   R       5        5424       457
   A       7        5428       457
   T       7        5426       457
   G       7        5423       457
   R       4        5437       458
   W       4        5435       458
   G       7        5438       458
   T       7        5434       458
   S       4        5444       459
   Y       4        5441       459
   G       7        5447       459
   T       7        5442       459
   S       4        5455       460
   G       7        5453       460
   R       4        5473       461
   K       4        5472       461
   A       7        5474       461
   T       7        5472       461
   R       6        5489       462
   K       7        5486       462
   A       7        5492       462
   S      11        5490       462
   T       9        5485       462
   G       9        5487       462
   R       4        5500       463
   K       4        5497       463
   A       7        5504       463
   T       7        5498       463
   Y       5        5514       464
   T       7        5518       464
   R       7        5523       465
   S       7        5526       465
   A       7        5523       465
   C      10        5529       465
   S       9        5540       466
   K       6        5534       466
   T       9        5532       466
   G       9        5536       466
   M       8        5555       467
   S       8        5551       467
   A       7        5550       467
   G      10        5549       467
   R       5        5567       468
   S       7        5569       468
   K       5        5565       468
   A       7        5567       468
   C      10        5571       468
   T       7        5563       468
   M       7        5578       469
   S       8        5578       469
   A      10        5576       469
   G       9        5576       469
   R      10        5589       470
   S      10        5587       470
   A       9        5592       470
   C      12        5589       470
   S       8        5601       471
   G      10        5600       471
   R       7        5609       472
   W       8        5609       472
   G      10        5609       472
   T      10        5608       472
   S       7        5629       473
   G      10        5633       473
   W       7        5643       474
   K       8        5645       474
   A       9        5641       474
   G      10        5645       474
   M      11        5652       475
   W       9        5652       475
   C       9        5655       475
   T       9        5655       475
   M       8        5665       476
   R       5        5660       476
   W       8        5661       476
   C      10        5668       476
   G       7        5659       476
   T       7        5662       476
   M       8        5677       477
   R       8        5673       477
   W       6        5672       477
   C      11        5680       477
   G      10        5673       477
   T       7        5671       477
   M      11        5686       478
   S      11        5687       478
   Y       9        5690       478
   A      12        5684       478
   G      10        5695       478
   T       9        5691       478
   Y       7        5702       479
   T       9        5706       479
   S       4        5715       480
   G       7        5713       480
   T       7        5724       480
   C       7        5721       480
   W       5        5732       481
   T       7        5735       481
   M       5        5741       482
   C       7        5739       482
   R       5        5751       483
   S       6        5749       483
   A       7        5755       483
   C       9        5751       483
   M       6        5765       484
   S       6        5763       484
   A       9        5769       484
   G       9        5766       484
   M       6        5793       486
   S       6        5791       486
   Y       6        5792       486
   A       9        5798       486
   G       9        5794       486
   T       9        5795       486
   M       6        5807       487
   A       9        5810       487
   R       6        5823       488
   S       6        5821       488
   A       9        5827       488
   C       9        5823       488
   M       6        5835       489
   R       6        5834       489
   W       6        5836       489
   C       9        5832       489
   G       9        5831       489
   T       9        5835       489
   S       6        5851       490
   Y       6        5846       490
   G       9        5855       490
   T       9        5846       490
   M       6        5861       491
   R       6        5864       491
   C       9        5858       491
   G       9        5863       491
   M       5        5880       492
   R       6        5876       492
   W       6        5875       492
   C       7        5883       492
   G       9        5875       492
   T       9        5873       492
   R       7        5887       493
   K       7        5886       493
   A       9        5886       493
   T       9        5884       493
   M       6        5900       494
   C       9        5902       494
   Y       6        5910       495
   K       6        5910       495
   C       9        5910       495
   G       9        5909       495
   M       6        5925       496
   S       7        5926       496
   Y       7        5930       496
   A       9        5923       496
   G       9        5924       496
   T       9        5932       496
   R       6        5942       497
   K       6        5944       497
   A       9        5943       497
   T       9        5947       497
   M       4        5954       498
   S       4        5954       498
   Y       4        5955       498
   A       7        5953       498
   T       7        5956       498
   C       7        5955       498
   R       4        5965       499
   A       7        5965       499
   R       7        5983       500
   K       6        5982       500
   T       9        5983       500
   G       9        5981       500
   S       8        5994       501
   Y       6        5991       501
   G       9        5997       501
   T       9        5992       501
   M       8        6003       502
   R       9        6008       502
   W       9        6004       502
   C       7        6000       502
   G       7        6011       502
   T       7        6002       502
   W      12        6017       503
   Y      12        6014       503
   K      12        6017       503
   A      12        6019       503
   C      11        6014       503
   G      11        6020       503
   W       7        6027       504
   Y       6        6023       504
   K       6        6027       504
   C       9        6022       504
   G       9        6029       504
   T       9        6025       504
   R       6        6038       505
   G       9        6038       505
   M       6        6053       506
   S       6        6050       506
   Y       6        6052       506
   A       9        6054       506
   G       9        6048       506
   T       9        6053       506
   S       5        6062       507
   K       5        6063       507
   C       7        6060       507
   T       7        6061       507
   R       5        6082       508
   A       7        6083       508
   S       6        6089       509
   G       9        6091       509
   S       6        6101       510
   Y       6        6100       510
   G       9        6103       510
   T       9        6102       510
   R       6        6114       511
   S       6        6111       511
   K       6        6112       511
   A       9        6114       511
   C       9        6109       511
   T       9        6110       511
   W      10        6136       513
   Y       6        6138       513
   K      10        6135       513
   A      13        6138       513
   C       7        6142       513
   G       9        6136       513
   R       7        6147       514
   W      10        6146       514
   G       9        6147       514
   T       9        6144       514
   Y      10        6160       515
   W      11        6162       515
   C       9        6160       515
   T      13        6161       515
   T      14        6171       516
   C      13        6170       516
   M       7        6181       517
   W      10        6183       517
   C       9        6180       517
   A      11        6183       517
   M      15        6234       521
   R       8        6231       521
   C       9        6237       521
   G       9        6231       521
   G       9        6246       522
   A       9        6246       522
   M       6        6265       523
   R       6        6260       523
   W       6        6265       523
   C       9        6268       523
   G       9        6257       523
   T       9        6268       523
   M       7        6276       524
   R       7        6274       524
   W       7        6276       524
   C       9        6276       524
   G       9        6272       524
   T       9        6277       524
   M       6        6286       525
   R       6        6289       525
   W       6        6289       525
   C       9        6285       525
   G       9        6292       525
   T       9        6291       525
   M       7        6301       526
   W       7        6298       526
   C       9        6303       526
   T       9        6297       526
   M       6        6311       527
   W       6        6307       527
   C       9        6314       527
   T       9        6306       527
   W       6        6322       528
   Y       6        6326       528
   K       6        6320       528
   A       9        6322       528
   C       9        6330       528
   G       9        6319       528
   R       6        6335       529
   A       9        6334       529
   K      11        6337       529
   G       9        6337       529
   W      11        6350       530
   K      11        6350       530
   A      12        6351       530
   G      12        6352       530
   W      10        6359       531
   A       9        6359       531
   Y       7        6372       532
   A      13        6369       532
   C       9        6371       532
   T       9        6374       532
   W       8        6382       533
   T       9        6383       533
   R       6        6392       534
   S       6        6390       534
   A       9        6396       534
   C       9        6392       534
   R       6        6407       535
   W       6        6401       535
   G       9        6411       535
   T       9        6399       535
   R       6        6436       537
   W       6        6433       537
   G       9        6436       537
   T       9        6430       537
   T       9        6447       538
   G       9        6447       538
   Y       6        6459       539
   W      11        6455       539
   C       9        6463       539
   T       9        6456       539
   R       6        6468       540
   W       6        6467       540
   G       9        6468       540
   T       9        6465       540
   M       6        6485       541
   S      11        6485       541
   Y      11        6484       541
   A       9        6478       541
   G       9        6478       541
   T       9        6485       541
   C      14        6483       541
   M       5        6496       542
   S      10        6496       542
   Y       7        6492       542
   A       7        6499       542
   G      10        6499       542
   T       9        6492       542
   M       7        6506       543
   A       9        6509       543
   W      12        6527       545
   A       9        6529       545
   M       7        6543       546
   R       7        6540       546
   W       7        6539       546
   C       7        6546       546
   G       9        6539       546
   T      10        6537       546
   M       9        6554       547
   S       9        6560       547
   Y       8        6560       547
   A      11        6551       547
   G       7        6562       547
   T       7        6562       547
   W      11        6573       548
   Y      10        6569       548
   K       9        6571       548
   A      13        6575       548
   C      12        6568       548
   G       9        6571       548
   W      10        6582       549
   T      12        6580       549
   M      11        6606       551
   R       9        6608       551
   W       7        6609       551
   G      12        6608       551
   T       9        6610       551
   A      12        6609       551
   R       9        6618       552
   G       9        6618       552
   S       8        6628       553
   Y       6        6630       553
   G       9        6628       553
   T       7        6632       553
   W       6        6642       554
   R      10        6639       554
   T       9        6644       554
   A       9        6641       554
   M       8        6655       555
   S       7        6651       555
   A       9        6658       555
   G       9        6650       555
   R       7        6668       556
   A       9        6668       556
   M       6        6680       557
   S       8        6676       557
   A       9        6683       557
   C       9        6677       557
   R       5        6697       558
   S       8        6695       558
   K       5        6691       558
   A       7        6701       558
   C       9        6696       558
   T       7        6689       558
   S       7        6712       559
   C       9        6710       559
   R       7        6727       560
   A       9        6727       560
   R      11        6738       561
   K       8        6741       561
   A       9        6738       561
   T       7        6744       561
   R       7        6748       562
   G       9        6747       562
   R       8        6758       563
   K      11        6762       563
   A       9        6758       563
   T       7        6765       563
   R       7        6769       564
   A       9        6770       564
   K       6        6784       565
   W      10        6788       565
   G       9        6780       565
   T       9        6788       565
   M       8        6802       566
   A       9        6804       566
   R       8        6812       567
   W      10        6812       567
   G       9        6811       567
   T       9        6811       567
   K      10        6849       570
   T       9        6850       570
   M       6        6865       571
   S       6        6864       571
   Y       6        6869       571
   A       9        6862       571
   G       9        6861       571
   T       9        6870       571
   R       6        6889       573
   S       6        6888       573
   A       9        6889       573
   C       9        6886       573
   M       6        6900       574
   A       9        6898       574
   R       6        6910       575
   K       6        6913       575
   A       9        6910       575
   T       9        6915       575
   R       6        6922       576
   W       6        6922       576
   G       9        6920       576
   T       9        6921       576
   M       7        6944       577
   S      10        6940       577
   Y       7        6943       577
   A       9        6947       577
   G       9        6939       577
   T       9        6944       577
   R       6        6958       578
   G       9        6958       578
   W      10        6956       578
   A       9        6958       578
   W       7        6965       579
   T       9        6965       579
   M       6        6984       580
   S       6        6982       580
   Y       5        6988       580
   A       9        6981       580
   G       9        6978       580
   T       7        6989       580
   S       6        6998       581
   Y       6        7001       581
   G       9        6999       581
   T       9        7006       581
   S       6        7012       582
   G       9        7010       582
   W       6        7024       583
   T       9        7024       583
   W       6        7054       585
   K       6        7054       585
   A       9        7053       585
   G       9        7052       585
   M       6        7068       586
   R       6        7071       586
   W       6        7071       586
   C       9        7066       586
   G       9        7072       586
   T       9        7072       586
   Y       6        7079       587
   K       6        7080       587
   A       9        7082       587
   C       9        7079       587
   G       9        7081       587
   T       9        7080       587
   Y       9        7092       588
   T       7        7095       588
   R      13        7099       589
   W      10        7102       589
   G       9        7098       589
   T       9        7104       589
   M       6        7111       590
   S       6        7111       590
   Y       6        7113       590
   A       9        7109       590
   G       9        7109       590
   T       9        7114       590
   M       6        7124       591
   R       6        7127       591
   W       6        7128       591
   C       9        7122       591
   G       9        7127       591
   T       9        7130       591
   R       6        7162       593
   K       7        7160       593
   A       9        7165       593
   G       9        7159       593
   W       6        7190       595
   T       9        7188       595
   M       7        7204       596
   S       6        7205       596
   Y       6        7208       596
   A       9        7202       596
   G       9        7204       596
   T       9        7209       596
   R       6        7220       597
   W       6        7220       597
   G       9        7219       597
   T       9        7218       597
   Y       6        7229       598
   K       6        7231       598
   A       9        7235       598
   C       9        7228       598
   G       9        7232       598
   T       9        7231       598
   M       6        7242       599
   S       6        7245       599
   Y       6        7245       599
   A       9        7243       599
   G       9        7248       599
   T       9        7247       599
   M       7        7255       600
   Y       6        7260       600
   C       9        7252       600
   T       9        7261       600
   Y       6        7270       601
   K       6        7271       601
   W       8        7273       601
   C       9        7269       601
   G       9        7271       601
   T       9        7271       601
   W       7        7288       603
   K       7        7286       603
   G       7        7287       603
   T       7        7285       603
   M       5        7307       604
   S       6        7306       604
   Y       6        7305       604
   A       7        7310       604
   G       9        7308       604
   T       9        7307       604
   S      10        7317       605
   Y       7        7315       605
   G       9        7319       605
   T       9        7316       605
   M       6        7325       606
   W       6        7325       606
   C       9        7324       606
   T       9        7324       606
   R       6        7350       608
   K       6        7349       608
   A       9        7350       608
   T       9        7348       608
   R       6        7366       609
   A       9        7366       609
   R       6        7382       610
   K       6        7382       610
   A       9        7381       610
   T       9        7382       610
   M       6        7398       611
   Y       6        7399       611
   A       9        7399       611
   T       9        7401       611
   S       6        7413       612
   Y       6        7410       612
   G       9        7416       612
   T       9        7411       612
   M       6        7422       613
   R       6        7424       613
   W       6        7426       613
   C       9        7419       613
   G       9        7424       613
   T       9        7427       613
   M       6        7437       614
   R       6        7440       614
   W       6        7438       614
   C       9        7435       614
   G       9        7441       614
   T       9        7437       614
   R       6        7459       615
   S       6        7456       615
   K       6        7457       615
   A       9        7460       615
   C       9        7454       615
   T       9        7456       615
   S       6        7472       616
   Y       6        7475       616
   G       9        7472       616
   T       9        7479       616
   M       7        7484       617
   Y       6        7487       617
   A       9        7481       617
   T       9        7487       617
   R       6        7500       618
   W       6        7500       618
   G       9        7498       618
   T       9        7498       618
   S       4        7521       619
   Y       4        7519       619
   G       7        7525       619
   T       7        7520       619
   M       5        7531       620
   S       5        7534       620
   Y       5        7536       620
   A       7        7528       620
   G       7        7533       620
   T       7        7537       620
   M       7        7559       621
   S       6        7557       621
   Y       6        7558       621
   G       9        7559       621
   T       9        7560       621
   C       9        7556       621
   M       9        7571       622
   S       5        7570       622
   Y       7        7570       622
   A      10        7574       622
   G       7        7573       622
   C      10        7572       622
   M       8        7581       623
   S       5        7582       623
   Y       8        7581       623
   A       9        7582       623
   G       7        7584       623
   T       9        7582       623
   M       6        7594       624
   S       7        7594       624
   A       9        7597       624
   C       9        7597       624
   Y       6        7610       625
   S       6        7609       625
   G       9        7612       625
   T       9        7609       625
   M       5        7618       626
   S       6        7624       626
   Y       6        7621       626
   A       7        7616       626
   G       9        7627       626
   T       9        7623       626
   R       7        7638       627
   K       7        7642       627
   A       9        7637       627
   T       9        7645       627
   S       7        7658       628
   G      12        7653       628
   C       9        7654       628
   R       6        7670       629
   A       7        7668       629
   M       7        7689       630
   S       7        7690       630
   Y       7        7694       630
   A       9        7686       630
   G      11        7697       630
   T      11        7696       630
   C       9        7693       630
   M      11        7703       631
   S      10        7708       631
   Y      11        7707       631
   A      12        7701       631
   G      12        7712       631
   T      12        7709       631
   M      11        7719       632
   S       9        7721       632
   Y      11        7721       632
   A       9        7719       632
   G       9        7723       632
   T      12        7722       632
   M      11        7734       633
   S       9        7730       633
   Y      10        7732       633
   A      13        7738       633
   G       9        7731       633
   T      13        7734       633
   M       9        7745       634
   S       7        7746       634
   A       9        7746       634
   G       9        7747       634
   M      11        7755       635
   S      11        7760       635
   Y       7        7758       635
   A       9        7753       635
   G       9        7756       635
   T       9        7760       635
   W       9        7776       636
   Y      11        7772       636
   K       7        7773       636
   A       9        7770       636
   C       9        7771       636
   G       9        7773       636
   W       9        7786       637
   Y       9        7783       637
   A      10        7787       637
   C      12        7782       637
   R       8        7801       638
   S       9        7795       638
   K       9        7796       638
   A      10        7805       638
   C       9        7801       638
   T      12        7802       638
   G       9        7798       638
   S       6        7809       639
   Y       6        7811       639
   G       9        7807       639
   T       9        7811       639
   M      10        7825       640
   S      10        7826       640
   Y      10        7829       640
   A       9        7823       640
   G       9        7825       640
   T       9        7831       640
   M       6        7840       641
   Y       6        7840       641
   A       9        7841       641
   T       9        7841       641
   R       6        7854       642
   K       6        7851       642
   A       9        7856       642
   T       9        7850       642
   W       6        7865       643
   Y       6        7861       643
   K       6        7863       643
   A       9        7868       643
   C       9        7860       643
   G       9        7864       643
   M       6        7879       644
   R       6        7878       644
   W       6        7875       644
   C       9        7881       644
   G       9        7878       644
   T       9        7873       644
   M       6        7891       645
   R       6        7888       645
   C       9        7894       645
   G       9        7887       645
   M       9        7907       646
   R       6        7901       646
   W       6        7901       646
   C       9        7911       646
   G       9        7900       646
   T       9        7900       646
   R       6        7919       647
   S       6        7920       647
   K       6        7916       647
   A       9        7920       647
   C       9        7922       647
   T       9        7914       647
   M      10        7930       648
   S       6        7936       648
   Y       9        7933       648
   A       9        7928       648
   G       7        7940       648
   T      11        7934       648
   S       6        7947       649
   Y       6        7947       649
   G       9        7949       649
   T       9        7949       649
   M       7        7957       650
   S       7        7958       650
   G      11        7955       650
   G      11        7967       650
   C       9        7960       650
   R      10        7972       651
   K       7        7970       651
   A      12        7972       651
   T       9        7968       651
   S       7        7985       652
   G      13        7993       652
   C       9        7986       652
   M       7        8003       653
   S      10        8002       653
   A       9        8005       653
   G       9        8003       653
   M       6        8026       655
   R       6        8022       655
   W       7        8027       655
   C       9        8029       655
   G       9        8022       655
   T       9        8020       655
   A       9        8023       655
   R       6        8038       656
   S       6        8038       656
   K       6        8039       656
   A       9        8038       656
   C       9        8038       656
   T       9        8039       656
   M       6        8053       657
   R       6        8050       657
   W       6        8049       657
   C       9        8055       657
   G       9        8048       657
   T       9        8048       657
   M       6        8065       658
   R       6        8062       658
   W       6        8060       658
   C       9        8070       658
   G       9        8062       658
   T       9        8060       658
   S      11        8081       659
   R      11        8079       659
   A       9        8081       659
   C       9        8075       659
   T       9        8076       659
   G       9        8077       659
   M       6        8093       660
   W       6        8090       660
   C       9        8094       660
   T       9        8087       660
   A       9        8093       660
   R       6        8105       661
   W       6        8105       661
   G       9        8105       661
   T       9        8105       661
   R       6        8122       662
   S       6        8119       662
   K       6        8120       662
   A       9        8123       662
   C       9        8116       662
   T       9        8118       662
   R       6        8132       663
   A       9        8131       663
   R       6        8141       664
   A       9        8141       664
   M       6        8171       666
   Y       6        8169       666
   A       9        8174       666
   T       9        8170       666
   M       6        8182       667
   S       6        8180       667
   A       9        8183       667
   G       9        8178       667
   R       7        8199       668
   K       7        8196       668
   T      11        8194       668
   G       9        8199       668
   S       6        8213       669
   Y       6        8215       669
   G       9        8213       669
   T       9        8217       669
   S       6        8232       670
   Y       7        8237       670
   G       9        8231       670
   T       7        8242       670
   W       6        8248       671
   K       6        8248       671
   A       9        8248       671
   G       9        8247       671
   S       5        8271       672
   K       6        8266       672
   S      11        8265       672
   C       7        8274       672
   T       9        8265       672
   G       9        8268       672
   S       7        8278       673
   Y       7        8281       673
   G       9        8276       673
   T       9        8283       673
   W      10        8293       674
   Y      10        8291       674
   K       7        8293       674
   A       9        8295       674
   C       9        8290       674
   G       9        8295       674
   M       7        8308       675
   S       9        8305       675
   A       9        8312       675
   G      13        8314       675
   C      11        8305       675
   M       5        8326       676
   R       6        8324       676
   W       9        8328       676
   C       7        8328       676
   G       9        8323       676
   T       9        8321       676
   R       6        8335       677
   G       9        8334       677
   S       7        8351       678
   K       7        8352       678
   C      13        8359       678
   T       9        8351       678
   G       9        8354       678
   M       6        8367       679
   S       6        8366       679
   Y       6        8368       679
   A       9        8367       679
   G       9        8365       679
   T       9        8369       679
   R       8        8387       680
   A       9        8388       680
   T      14        8390       680
   G      14        8387       680
   W       9        8397       681
   Y       9        8399       681
   A       9        8395       681
   C       9        8398       681
   S       7        8419       682
   Y       7        8416       682
   A       9        8411       682
   G       9        8422       682
   T       9        8416       682
   C       9        8416       682
   M       6        8432       683
   R       6        8430       683
   C       9        8433       683
   G       9        8430       683
   T       9        8426       683
   A       9        8431       683
   M       6        8447       684
   R       6        8445       684
   C       9        8449       684
   G       9        8445       684
   S       6        8456       685
   G       9        8454       685
   S       7        8473       686
   G       9        8473       686
   S       8        8490       687
   G      11        8492       687
   R       6        8503       688
   W       6        8500       688
   G       9        8504       688
   T       9        8498       688
   R       6        8513       689
   G       9        8517       689
   A       9        8512       689
   S      10        8520       689
   R       5        8525       690
   K       5        8525       690
   A       7        8525       690
   T       7        8526       690
   W       5        8538       691
   T       7        8536       691
   S       7        8562       692
   G       7        8551       692
   R       6        8575       693
   S       6        8577       693
   A       9        8575       693
   C       9        8580       693
   M       6        8588       694
   S       6        8587       694
   Y       6        8591       694
   A       9        8586       694
   G       9        8584       694
   T       9        8593       694
   S       6        8605       695
   Y       6        8604       695
   G       9        8606       695
   T       9        8604       695
   M       6        8624       696
   S       5        8625       696
   Y       6        8623       696
   A       9        8617       696
   G       7        8629       696
   T       9        8625       696
   C       9        8621       696
   Y       8        8635       697
   T       9        8636       697
   R       6        8652       698
   K       6        8649       698
   A       9        8653       698
   S      10        8648       698
   T       9        8647       698
   G       9        8651       698
   R       7        8664       699
   K       6        8668       699
   G       9        8661       699
   T       9        8668       699
   R       6        8681       700
   K       7        8680       700
   A       9        8682       700
   G       9        8680       700
   R       6        8692       701
   S       6        8690       701
   A       9        8692       701
   C       9        8688       701
   M       4        8708       702
   S       4        8705       702
   Y       4        8707       702
   A       7        8710       702
   G       7        8703       702
   T       7        8708       702
   R       6        8726       703
   K       9        8729       703
   A       7        8726       703
   T       7        8732       703
   M       6        8737       704
   S       6        8736       704
   Y       9        8741       704
   A       9        8736       704
   G       9        8734       704
   C       9        8739       704
   R       4        8746       705
   W       4       10635       705
   G       7        8746       705
   T       7       12524       705
